41.49
29.08
15.85
15.75
11.27
23.2
11.38
14.03
14.59
26.93
9.07
9.81
9
8.94
9.09
14.97
7.01
9.43
12.78
4.75
6.42
10.83
9.54
9.63
8.41
6.06
5.57
3.44
6.85
9.03
5.89
9.67
5.17
5.77
4.99
8.25
8.52
5.54
6.99
6.75
5.98
2.55
4.74
7.97
3.8
4.4
6.91
3.01
6.16
4.23
6.16
6.76
4.02
4.89
2.96
4.99
4.76
5.99
4.34
5.08
6.05
6.72
7.03
5.55
3.66
6.63
3.01
4.09
5.84
3.88
5.91
4.36
5.58
2.01
4.46
5.03
3.54
1.11
1.79
6.82
3.81
2.91
1.06
0.98
5.8
2.58
2.91
2.28
2.82
7.28
2.9
3.66
2.93
2.8
4.1
3.78
5.39
3.24
4.79
4.46
3.83
4.52
3.51
2.85
3.27
3.27
3.68
4.41
3.13
2.47
4.12
4.14
0.78
2.71
2.93
2.77
3.23
3.5
4.15
3.27
3.1
0.84
1.67
2.79
0.79
3.25
2.55
3.74
2.64
4.98
2.57
3.64
2.55
4.34
3.7
4.01
2.47
0.07
3.11
3.92
4.05
3.54
2.45
4.47
2.63
3.18
2.41
1.88
2.8
0.66
3.66
1.88
2.26
3.13
2.49
2.97
2.54
2.95
3.28
2.7
2.99
0.47
3.14
2.62
3.21
3.18
2.72
2.07
1.97
1.74
2.18
3.02
3.13
1.62
1.92
3.33
3.1
1.22
2.3
4.26
0.65
2.43
2.93
2.32
2.49
1.08
1.9
2.1
0.96
1.64
1.98
2.71
3.59
3.21
3.22
3.81
1.96
2.66
1.7
0.6
3.4
2.05
3.42
2.59
2.79
3.36
3.06
3.49
3.39
1.85
2.31
3.98
2.89
2.91
0
2.62
2.74
2.56
1.91
0.57
2.57
0.28
2.99
2.36
1.73
3.05
1.87
1.94
2.08
2.29
3.06
2.42
2.6
1.89
1.78
1.55
1.78
3.19
4.18
4.21
3.63
2.71
0.2
1.96
1.54
2.71
2.55
2.67
2.66
0.1
2.82
2.19
2.03
1.73
3.03
2.2
0.92
2.75
4
2.51
2.64
2.11
2.23
1.41
3
1.46
2.45
1.7
2.03
0.78
0.88
1.3
1.28
2.25
2.02
0.84
3.38
2.04
3.79
3.36
1.4
4.03
1.65
0.71
2.14
1.42
2.13
2.45
2.57
2.65
2.32
2.35
0.12
2.28
1.68
1.12
2.78
1.38
1.22
2.15
0.92
2.67
2.08
2.1
1.18
1.97
2.29
1.33
0.67
1.53
1.15
0.93
0.1
2.12
2.48
0.16
0.87
2.12
2.21
2.26
1.06
1.44
1.49
1.14
2.4
1.82
1.4
1.98
2.03
1.98
1.37
0.96
1.3
1.93
0.58
1.49
1.3
1.59
0
2.13
1.65
1.87
2.53
2.33
0.71
2.08
2.23
0.6
0.05
1.78
2.08
1.28
1.93
2.05
2.02
1.61
2.38
2.18
2.01
1.57
1.56
1.23
1.66
1.9
1.98
2.14
0.71
1.96
2.14
2.66
1.22
2.11
1.17
2.84
1.64
2.2
0.59
0.59
1.94
2.09
2.11
2.26
0.88
0
2.39
1.55
1.34
1.82
1.13
0.86
1.75
1.73
0.46
1.56
2.03
1.08
1.43
2.47
1.9
0.65
1.63
1.9
0
1.45
1.44
1.15
1.47
1.99
1.5
0.8
2.13
1.89
1.36
0.5
0.25
0.95
0.88
1.27
2.33
0.03
1.72
0.73
2.26
1.76
1.35
1.48
0
2.15
1.78
1.18
1.52
1.86
0.58
2.06
1.88
1.92
1.79
1.22
0.88
1.89
0.68
1.7
2.14
2.31
0.91
1.69
0.08
1.29
1.99
0.78
2.17
2.5
1.92
1.89
1.4
1.57
1.72
1.94
1.91
1.38
2.06
1.94
1.54
1.4
1.85
2.03
1.45
2.38
2.6
1.15
1.57
1.01
1.61
1.67
0.12
1.36
0.47
1.33
0.96
1.58
1.04
1.57
1.36
1.82
1.98
2.22
1.45
1.76
2.07
1.83
0.87
1.43
1.75
0.61
1.84
1.54
1.75
0.08
0.71
0.99
1.51
1.54
2.03
1.3
0.09
1.87
2.53
2.09
1.98
1.37
1.29
1.37
1.4
0.4
1.87
1.65
2.52
1.28
1.32
1.96
1.59
0.02
1.05
1.32
1.32
1.74
1.47
0.29
1.45
1.96
1.19
0
1.98
0.89
2.19
0.3
0.46
1.68
1.27
1.44
1.2
1.41
1.24
1.25
2.56
1.43
1.07
1.02
1.33
1.52
1.49
1.75
0.99
1.47
1.25
2.42
1.85
2.38
1.63
1.46
1.23
0
0.69
0.78
1.95
1.48
1.78
1.44
1.99
1.59
1.15
1.56
0.86
0
2
1.53
2
0.76
1.53
1.7
2.15
1.07
1.55
0.59
2.31
0.63
0.9
1.02
1.86
0.48
0.93
2.03
0.64
0.89
1.04
0.37
1.4
1.31
0.28
1.76
2.14
1.7
0.15
2.11
1.21
1.13
2.21
2.36
1.13
1.55
1.5
0.49
0.6
2.29
0.13
1.28
0.86
1.84
1.29
1.81
1.15
1.38
1.15
1.72
1.93
2.1
1.13
1.67
1.55
0
0.93
2.12
1.44
0.87
1.07
1.52
1.56
1.26
1.27
0.29
1.63
2.07
0.81
1.43
0.69
2.07
2.1
0.77
2.3
2.15
0.49
1.74
1.54
1.49
1.07
1.48
1.67
1.02
1.73
1.94
1
1.46
2.04
1.16
2.18
2.28
0.96
1.25
2.03
1.38
0.69
1.07
1.39
0
1.68
1.32
0.92
1.2
1.08
1.27
1.14
1.93
1.57
0.78
0.79
0.85
0.52
1.58
0.28
1.65
1.24
0.95
0.95
1.08
0.91
1.23
1.38
0.3
1.11
0
0.51
0.38
1.01
1.05
0.07
1.12
1.34
1.07
1.22
0.9
1.4
1.19
1.34
0.28
0.62
1.52
1.48
1.93
0.67
0.51
1.19
1.29
1.74
1.42
1.09
1.27
0.88
1.71
1
1.03
1.45
1.47
1.06
1.78
2.06
2.01
1.11
0.15
1.28
1.06
0.34
1.17
1.68
0.87
1.04
0.59
0
1.92
1.21
1.97
1.29
1.48
1.27
1.6
0.48
1.23
1.51
1.5
0.54
0.14
0.6
0.52
0.66
0.01
1.47
1.2
1.99
1.04
0.64
0.82
0.59
0.93
0.91
1.47
1.37
0.83
1.61
1.2
1.68
0.11
1.68
0.9
1.35
0.63
1.63
0.94
1.17
1.54
1.77
1.41
0.99
0
1.16
1.26
1.84
1.97
0.92
0.7
0.46
1.77
1.11
0.63
1.36
0.97
0.59
2.04
0.89
0.79
1.54
0.63
1.48
0.75
1.64
1.04
0.73
1.2
0.71
1.15
0.68
1.06
0.89
0.73
1.23
1.43
1.16
1.47
0.71
1.75
0.48
1.11
1.45
0.73
1.74
0.71
1.2
0.58
1.53
1.25
1.47
1.57
1.05
1.81
1.76
0.82
0.49
1.2
0.77
0.89
0.35
0.52
1.48
0.95
0.75
1.21
0.75
0.93
1.25
1.11
0.72
0.99
0.74
1.2
0.71
1.01
1.84
1.22
0.5
1.13
0.18
0.79
1.09
1.3
0.74
1.26
1.09
1.69
0.95
0.49
1.94
0.59
0.96
1.09
1.41
1.42
1
1.15
1.1
1.48
0.34
1.06
1.53
0.56
1.51
0.86
0.92
0.73
0.87
0.76
1.03
0.94
0.26
1.06
0.72
1.14
1.3
0.77
1.08
1.03
0.59
0.73
1.56
0.21
1.05
1.37
0.92
0.25
0.89
1.42
0.47
0.96
0.22
0.53
0.73
0.87
1.75
1.12
0.94
1.37
0
0.64
0.91
1.34
0.62
0.85
0.61
1.33
0.83
1.26
0.8
1.05
0
0.97
1.53
0.83
1.31
0.84
1.33
0.46
0.25
1.09
0.92
0.61
1.24
1.73
1.81
0.91
0.22
0.55
1.05
1.1
0.78
0.88
1
0.93
1.66
1.41
1
0.49
1.26
0.52
1.05
1.25
0.23
1.12
0.39
0.32
0.45
0.41
0.93
0.85
1.16
0.31
1.59
0.24
0.63
1.19
1.07
0.85
1.27
1.06
0.93
1.02
0.53
0.86
1.23
0.86
0.72
0.68
1.26
1.11
0.52
0.35
0.61
1.68
0.9
1.24
0.06
1
0.7
0.94
0.79
0.83
0.85
1.25
0.72
0.63
0.83
1.19
0.69
0.96
1.69
1.66
0.49
0.59
0.67
0.85
0.64
1.48
0.94
1.15
0.95
1.06
0.85
0.61
0.66
0.61
0.7
0.41
1.61
0.8
0.59
1.43
0.99
1.15
0.88
1.09
0
1.25
1.58
0.34
0.23
0.99
0.49
0.62
0
0.69
1.41
1.22
1.36
0.88
1.01
0.94
0.96
0.55
1.37
1.1
0.87
0.79
1.52
0.98
0.98
0.8
0.9
0.82
1.58
0.9
0.59
0.38
1.67
1.23
0.91
1.18
0.94
0.93
0.45
1.58
0.81
0.43
1.22
0.91
1.09
0.59
0.82
0.97
1.13
1.35
1.08
0.63
0.57
1
0.78
0.86
0.81
0.76
1.25
0.96
1.54
0.9
1.06
0.48
0
1.09
0.32
0.8
0.76
1.52
0.93
0.74
0.8
1.44
0.54
1.02
0.44
1.54
0.45
0.78
0.58
0.6
1.18
0.71
1.33
1.32
0.59
0.99
0.8
0.82
0.99
1.01
0.9
0.8
0.79
0.92
0.66
0
0.98
0
1.5
0.79
0.95
0.4
1.3
0.71
0.46
1.49
0.71
0.19
0.58
1.05
1.26
0.01
1.15
0.61
0.58
1.48
0.04
0.92
0.95
0.88
0.47
0.87
0.85
0.81
0.88
0.62
0.94
0.64
0.88
1.06
0.58
0.85
0.1
0.77
0.98
0.95
0.18
0.77
1.07
0.59
1.32
0.58
0.67
0
0.68
0.59
0.84
0.72
0.76
0.91
0.79
0.85
1.13
0.57
0.9
0.8
0.6
1.55
1.07
0.69
1.06
0.68
0.71
0.83
0.58
1.4
0.86
1.26
0.85
0.63
0.92
0.71
0.57
1.19
1.44
0.95
0.17
1.09
0.85
0.73
0.94
0.44
1.07
0.36
1.43
0
0.18
1.45
1.43
0.5
0.6
1.11
1.26
1.3
0.65
0.84
0.02
0
0.93
0.23
1.41
0.35
1.18
0.99
0.64
0.66
0.86
1.41
0.49
1.08
1.19
1.2
0.46
1
0
0.75
1.13
1.21
1.08
0.72
1
1.22
1
0.82
0
0.82
0.61
0.37
0.43
0.47
0.28
1.2
0.7
0.78
0.72
1.08
0.82
0.39
0.58
0.72
0.62
1.04
1.33
0.45
0.69
0.95
0.78
1.15
0.4
0.29
1.02
0.93
0.81
0.72
0.46
0.81
0.83
0.95
1.36
0.81
0.93
0.63
0.94
0.47
1.17
0.53
0.51
0.37
0.89
0.86
0.75
0.71
0
0.54
0.53
0
0
0
0
1.24
0.97
0.11
1.38
0.37
0.79
0.04
0.73
0.48
0.26
0.33
0.92
0.92
1.23
0.33
1.03
0.73
1.16
0.8
0.96
0.91
0.85
0.81
0.82
0
0.79
0.07
0.7
0.8
1.35
0.89
1.15
0.71
0.57
0.12
0.89
0.63
0
0.47
0.58
0.64
0.95
1.09
0.97
1.07
0.97
0.36
0.87
1.02
0
1.19
0.69
0.82
1.07
0.38
1.15
0.43
0.74
0
0.38
0.03
0.78
0.49
0.34
1.27
0.5
1.19
1.05
0.24
0.87
0.51
0.76
0.96
0.49
0.58
0.5
0.87
0.77
0.46
0.43
0.71
1.24
0.8
0.67
0.63
0.6
0.46
0.24
0.76
0.5
0.43
0.74
0.99
0.55
0
0.86
0.86
0.63
0.63
0.23
0.27
0
1.26
0.47
0.82
0.67
0.76
0.81
0
0.25
1.29
0.23
1.18
0.2
0.59
0.66
0.76
1
0.22
0.7
0.79
0.66
0.24
0.7
0.15
0
0.31
0.67
0.95
0.77
1.09
1.03
0.85
0.84
1.22
0.65
1.32
1.1
0.62
1.27
0.79
0.47
0.86
0.89
0.92
1.08
0.9
0.93
0.74
0.87
0.9
0.43
0.65
0.71
0.51
0.72
0.69
0.72
0.4
0.01
0.52
0.69
0.03
0.73
1.06
0.73
0.31
0.77
0.73
0.72
0.75
0.57
0.73
0.64
0.97
0.71
0.84
1.22
0.78
0.57
0.81
1.22
0.64
0.68
1.11
0.84
1.21
0.94
0.45
1.07
0.56
0.27
0.69
1.05
0
0.78
0.56
0.53
0.46
0.61
0.39
0.11
0.54
1
0.73
0.93
0.63
1.04
0.76
0.71
1.22
0.63
0.72
0.55
0.45
0
0.61
1.1
0.72
1.07
0.63
0.48
0.62
0.45
0.58
1.22
0.72
0.71
0.44
1.18
1
0.74
0.85
0.68
0.77
0.96
0.49
0.39
0.87
0.62
0.39
0
0.56
0.1
0
0.05
0.54
0.61
0.49
0
0.02
0.5
0.99
0.63
0.45
0.94
0.7
0.49
1.17
0.47
0
0
0.99
0.48
0.71
1.01
1.19
0.61
0.52
1.05
0.85
0.61
1.12
0.29
1.1
0.65
0.43
0.75
0.66
0.24
0.69
0.56
0.82
0.55
0.6
0.3
0.92
0.59
0.6
0.69
0.08
1
0.25
0.29
0.88
0.68
0.54
0.79
0.44
0.4
1.05
0.92
0.72
0.5
0.45
0.5
0.42
0.58
0.13
0.76
0.79
0.27
0.59
0.12
0.72
1.13
0
0.61
0.68
0.98
0.68
0.59
0.6
0.55
1.01
0.93
0.78
0.13
1.03
0.66
0.66
0
0.66
0.34
0.69
0.87
0.67
0.24
0.01
0.59
0.52
1
0.48
0.52
0.77
0.72
0.41
0
0
0
1.12
0.4
0.72
0.59
0.74
0.55
0.01
0.49
0.38
0.66
0.56
0.45
0.86
0.09
0.92
0.18
0.99
1.02
0.68
0.99
0.76
0.41
0.86
0.64
0.83
0.46
0.9
0.66
1.1
0.48
0.4
0.1
0.52
0.5
0.85
0.53
0.48
0.95
0.41
0.5
0.03
0.65
0.7
0.74
0.98
0.57
0.6
0.54
0.58
0.68
0.32
0.74
0
0.57
0.65
0.16
0.76
0
0.65
0.51
0.82
0.68
0.43
0.78
0.58
0.38
0.45
0.97
0.57
0.45
0.39
0.66
0.57
0.78
0.57
0.84
0.21
0.65
0.5
0.54
0.52
0.83
0.15
0.51
0
0.52
0.56
0.57
0.56
1.07
0.44
0.69
0
0.51
0
0
0.5
0.75
0.5
0.45
0
0.56
0.64
0
0.47
0.64
0.44
0.78
0.25
0.31
0.95
0.31
0.26
0.9
0.71
0.46
0.41
0.58
0.71
0.82
0
0.65
0.12
0.7
1.01
0.5
0.61
0
0.81
0.33
0.99
0.38
0.23
0.63
0.64
0.34
0.21
0.81
0.67
0.72
1.05
0.55
0.56
0.63
0.36
0.5
0.84
0.62
1.03
0.66
0.41
0.28
0
0.82
0.85
0.32
0.63
0.31
0.92
0.62
0.71
0.68
0.33
0
0.95
0.54
0.45
0.18
0.52
0.51
0.53
1.03
0.45
0.52
1.03
0.61
0.36
0.47
0.44
0
0
0
0
0.45
0.51
0.92
0.52
0.12
0
0.54
0.54
0.26
0.31
0.43
0.63
0.24
0.05
0.82
0.78
0.29
1.02
0
0.75
0.96
1.02
0.01
0.89
0.61
0.53
0
0.64
0.44
0.35
0.44
0.6
0.74
0.53
0.47
0.53
0.36
0.87
0.53
0.55
0.48
1.02
0.28
0.26
0.28
1.01
0.53
0.64
0.27
0.47
0.67
0.6
0.77
0.77
0.68
0.49
0.79
1.01
0
0.89
0.65
0.57
0.53
0.17
0
0.53
0.08
0.72
0.59
0.74
0.43
0.12
0.1
0.67
0.17
0.54
0.59
0.59
0.88
0.55
0.52
0.23
0.67
0.16
0.96
0
0.28
0.52
0.31
0.65
0.18
0.52
0.44
1.02
1.01
0.56
0.97
1.03
0.39
0.76
0.23
0.52
0.49
0.32
0.58
0.99
0.81
0.42
0.41
0.99
0.27
0
0
0
0
0.55
0.51
0.3
0.78
0.91
0.45
0.56
0.52
0.44
0.62
0.19
0.58
0.54
0.46
0.51
0.58
0.33
0.58
0.09
0.58
0.57
0.45
0.44
0.87
0.59
0.39
0.5
0.91
0.62
0.17
0.53
0.52
0.61
0.68
0.34
0.16
0.47
0.46
0.86
0.56
0.94
0.33
0.72
0.5
0.68
0.18
0.45
0.96
0.94
0.38
0.61
0.32
0.45
0.87
0.53
0.73
0.51
0.28
0.39
0.51
0.57
0.69
0.97
0.44
0.5
0.56
0.34
0.54
0.41
0.44
0.65
0.87
0
0.48
0
0.12
0.33
0.27
0.21
0.93
0.49
0.29
0.13
0.3
0.65
0.65
0.41
0.63
0
0.78
0.49
0.72
0.08
0.56
0.56
0.25
0.55
0.13
0.86
0.51
0.44
0.89
0.48
0.64
0.17
0.55
0.64
0.49
0.74
0.77
0.59
0.51
0.57
0.37
0.94
0.36
0.6
0.61
0.55
0.35
0.88
0.52
0.3
0.73
0.38
0.23
0.76
0
0.02
0.85
0.02
0.21
0.49
0.72
0.5
0.36
0.62
0.94
0.91
0.29
0.56
0.42
0.24
0.38
0.45
0
0.34
0.03
0.82
0.88
0.62
0.09
0.37
0.89
0.5
0.73
0.4
0.88
0.49
0.15
0.53
0.56
0.47
0.78
0.77
0.33
0.52
0
0.9
0.75
0.36
0.21
0.54
0.82
0.38
0.54
0.5
0
0.72
0
0.37
0.3
0.72
0.32
0.54
0.29
0.47
0
0.3
0.41
0.39
0.36
0.77
0.25
0.4
0.32
0.47
0.88
0.47
0.8
0.36
0.74
0.57
0.65
0.27
0.46
0.26
0.27
0.68
0.53
0.54
0.39
0.41
0.35
0.51
0.62
0.7
0.48
0.24
0.79
0.27
0.01
0.48
0.73
0.69
0.52
0.83
0.28
0.46
0.26
0.48
0.51
0.78
0.7
0.1
0.87
0.52
0.48
0.75
0.57
0.19
0.46
0.78
0.46
0.36
0.78
0.16
0.67
0.59
0.42
0.29
0.33
0.35
0.5
0.34
0.85
0.67
0.87
0.51
0.45
0.71
0.67
0.77
0.54
0.72
0.44
0
0.47
0.52
0.45
0.45
0.3
0.51
0.86
0.51
0.17
0.52
0.55
0.58
0.63
0.87
0.51
0.5
0.63
0.39
0.01
0.16
0.51
0.37
0.25
0.26
0.86
0.71
0.45
0.12
0.45
0.67
0.23
0.32
0.85
0.45
0.32
0.41
0.58
0.45
0.35
0.47
0.02
0.72
0.52
0.46
0.77
0.68
0.57
0
0.61
0.42
0.55
0.38
0.44
0.13
0
0.44
0.66
0.75
0.28
0.38
0.5
0.3
0.26
0.5
0.17
0.41
0.27
0.52
0.51
0.84
0.74
0.65
0.42
0.32
0.42
0.29
0.84
0.42
0.62
0.81
0.44
0.73
0.62
0.35
0.44
0.82
0.74
0.32
0.6
0.51
0.74
0.46
0.6
0.42
0
0.69
0.36
0.16
0.15
0.44
0.28
0.21
0.42
0.18
0.81
0.01
0.39
0.55
0.6
0.49
0
0
0.44
0.44
0.38
0.01
0
0.62
0.6
0.73
0.3
0.43
0.32
0.47
0.49
0.42
0.32
0.51
0.28
0.43
0.33
0.08
0.65
0.49
0.49
0.7
0.38
0
0.71
0.48
0.61
0.29
0.43
0.73
0.61
0.82
0.37
0.48
0.14
0.46
0.72
0.46
0.48
0.2
0.47
0.72
0.59
0.63
0.48
0.43
0.3
0.12
0.11
0.47
0.81
0.2
0.1
0
0.12
0.01
0.35
0.34
0.54
0.25
0.42
0
0.48
0.81
0.48
0.22
0.52
0.61
0.32
0.17
0.52
0.35
0.46
0.1
0.47
0.46
0.78
0.79
0.46
0.14
0.64
0.44
0.74
0.4
0.28
0.47
0.7
0.36
0.52
0.31
0.47
0.42
0.26
0.32
0.52
0.46
0.28
0.65
0.56
0.37
0.42
0.68
0.75
0.36
0.46
0.65
0.79
0.4
0.41
0.69
0.32
0.42
0.47
0.52
0.41
0.36
0.24
0.41
0.6
0.13
0.32
0.09
0.37
0.46
0.44
0.22
0.24
0.38
0.77
0.6
0.43
0.27
0.62
0.57
0
0.46
0.39
0.78
0.69
0.77
0.58
0.41
0.77
0.31
0.42
0.46
0.46
0.33
0.58
0.72
0.46
0.64
0.69
0.44
0.64
0.35
0.68
0.42
0.61
0.69
0.76
0.19
0.24
0.42
0.4
0.33
0.47
0.56
0.4
0.4
0.34
0.29
0.48
0.62
0.67
0
0.73
0.4
0
0.33
0.06
0
0.45
0.77
0.63
0
0.32
0.07
0
0.12
0.68
0.45
0.4
0.33
0
0.32
0.2
0.45
0.43
0.75
0.52
0
0.35
0.67
0.52
0.75
0.46
0.4
0.45
0.03
0.62
0.19
0.45
0.39
0.19
0.45
0.36
0.09
0.48
0.37
0.33
0.44
0.43
0.08
0.48
0.42
0.45
0.14
0.73
0
0.04
0.68
0.54
0.51
0.39
0
0
0.26
0.47
0.05
0.74
0.66
0.4
0.38
0.61
0
0.42
0.61
0
0.17
0.44
0.42
0.62
0.63
0.39
0.32
0.64
0.28
0
0.42
0.44
0.71
0.75
0.16
0.38
0.49
0.65
0.24
0.22
0.43
0.27
0
0.67
0.73
0.12
0.56
0.58
0.01
0.43
0.17
0.41
0.72
0
0.43
0.72
0.43
0.29
0.13
0.11
0.38
0.53
0.55
0.65
0.24
0.41
0
0.72
0.6
0.32
0.43
0.34
0.28
0.47
0.66
0.72
0.43
0.43
0.67
0.72
0.23
0.33
0.22
0.64
0.72
0.43
0.37
0.72
0.53
0
0.55
0.61
0.43
0.71
0.38
0.38
0.21
0.45
0.38
0.1
0.37
0.37
0.18
0.22
0.22
0.3
0.36
0.64
0.37
0.17
0.47
0
0.38
0.35
0.33
0.7
0.09
0.29
0.38
0
0.59
0
0.09
0.37
0.11
0.67
0.36
0.14
0.61
0.27
0.54
0.24
0.31
0.16
0.29
0.48
0.57
0.37
0.28
0.24
0.18
0.6
0
0.12
0.47
0.67
0.21
0.41
0.41
0.3
0.17
0.47
0.41
0.51
0.46
0.36
0.37
0.63
0.43
0.3
0.33
0.28
0.69
0.28
0.48
0.32
0.31
0.42
0.31
0.22
0.62
0.4
0.46
0.2
0.49
0.29
0.55
0.3
0
0.36
0.2
0.36
0.42
0.36
0.41
0.67
0.16
0.42
0.29
0.31
0.22
0.7
0.68
0.61
0.16
0.53
0.36
0.36
0.41
0.27
0.59
0.16
0.17
0.22
0.3
0.31
0.44
0.28
0.63
0.14
0
0.4
0.23
0
0.55
0.11
0.63
0.37
0.41
0
0.54
0.68
0.61
0.32
0.67
0.23
0.67
0
0.54
0.47
0.52
0.47
0.33
0.36
0.52
0.34
0.38
0.16
0.56
0.26
0.35
0.52
0.6
0.19
0
0.32
0
0.4
0.59
0.53
0.6
0.4
0
0.35
0.67
0.4
0.35
0.35
0.67
0.18
0.23
0.62
0.51
0.25
0.66
0.26
0.05
0.3
0.4
0.13
0
0.19
0.45
0.67
0.18
0.66
0.42
0.16
0.35
0.17
0.23
0.18
0.35
0.33
0.6
0.55
0.4
0.49
0.35
0.65
0.29
0.49
0.42
0.66
0.55
0.51
0.35
0
0.51
0.57
0.39
0.14
0
0.2
0
0.15
0.22
0.39
0.39
0.37
0.41
0.53
0.65
0.5
0.3
0.35
0.15
0.06
0.55
0.54
0.34
0
0.39
0.32
0.52
0.65
0.34
0.54
0.54
0.5
0.34
0.39
0.48
0.28
0.39
0.39
0.19
0.04
0.5
0.38
0.43
0.52
0.34
0.34
0.13
0.39
0.34
0.16
0.21
0.34
0.38
0.64
0.37
0
0.5
0.65
0.38
0.28
0.42
0.26
0.47
0.54
0.3
0.39
0.54
0.25
0.58
0.64
0.24
0.5
0
0
0.53
0.38
0.52
0
0.22
0.53
0.2
0.53
0.01
0.55
0.25
0.28
0.27
0.34
0.49
0.39
0.34
0.6
0.38
0.32
0.62
0.32
0.21
0.26
0.63
0.38
0.26
0.53
0.57
0.21
0.22
0.32
0.54
0.22
0.39
0.25
0.15
0.3
0.63
0.29
0.19
0.55
0.51
0.28
0
0.23
0.59
0.35
0.33
0.13
0.33
0.22
0.49
0.45
0.26
0.2
0.37
0.4
0.37
0.35
0.46
0.33
0.49
0
0.37
0.48
0.22
0.27
0
0.2
0.16
0.24
0.22
0.44
0.19
0
0.42
0.28
0.23
0.18
0.4
0.3
0.56
0.01
0.33
0.33
0
0.63
0.33
0.51
0.25
0.01
0.48
0
0.37
0.49
0.31
0.35
0.55
0.32
0.26
0.37
0.37
0.32
0.48
0.55
0.51
0
0.52
0
0
0.47
0.14
0.35
0.32
0.37
0.02
0.06
0.28
0.27
0.43
0.34
0.62
0.15
0.29
0.47
0.17
0.03
0.47
0.12
0.49
0.5
0.23
0
0.09
0.33
0.36
0.38
0.33
0.24
0.32
0.35
0.35
0.18
0.41
0.32
0.29
0.25
0.31
0.32
0.56
0.47
0.02
0.45
0.58
0.39
0.47
0.31
0.36
0.19
0
0.6
0.32
0.54
0
0.36
0.35
0.5
0.23
0.2
0
0.26
0.39
0
0.17
0.17
0.6
0.13
0.46
0.35
0.32
0.25
0.2
0.32
0.16
0.47
0.49
0.54
0.54
0.31
0.36
0.23
0.25
0.43
0.31
0.25
0.57
0.23
0.55
0.48
0.44
0.4
0.46
0.37
0.29
0.15
0.17
0.41
0.07
0.46
0.26
0.46
0.23
0.25
0.31
0.22
0.07
0.59
0.6
0.56
0.46
0.2
0.45
0.31
0.2
0.59
0.36
0.53
0.35
0.08
0.41
0.01
0.22
0.41
0.35
0.2
0.43
0
0.53
0.3
0.45
0.3
0.28
0.46
0
0.21
0.49
0.32
0.49
0.38
0.38
0.58
0
0.33
0.54
0.23
0.12
0.43
0.58
0.34
0.44
0.4
0.24
0.31
0
0.2
0.22
0.31
0.18
0
0.4
0.11
0.35
0.41
0.35
0.22
0.26
0.35
0.48
0.3
0
0.38
0.4
0.35
0.3
0.21
0.16
0.35
0.22
0.48
0.15
0.58
0.47
0.29
0.1
0.36
0.3
0.26
0
0.35
0.38
0.37
0.4
0.17
0.34
0.58
0.3
0.57
0.14
0.58
0.27
0.25
0.21
0.3
0
0.48
0.34
0
0
0.29
0.59
0
0
0.59
0
0
0.33
0.56
0
0.35
0.21
0.46
0.02
0.12
0.39
0.44
0.3
0.44
0.35
0.46
0.33
0.5
0.44
0.3
0.58
0
0.09
0.24
0.34
0.09
0.31
0.37
0.34
0.47
0.18
0.56
0.33
0.56
0.56
0.32
0.27
0.44
0.34
0.44
0.44
0.47
0.33
0.37
0.43
0.58
0.51
0.43
0.34
0.5
0.31
0.3
0.11
0.43
0.19
0.43
0.5
0.4
0.3
0.42
0
0.28
0.5
0.36
0.33
0.26
0.18
0.38
0.31
0.22
0.12
0.21
0.13
0.29
0.22
0.5
0
0.29
0.34
0.37
0.09
0.4
0.29
0.32
0
0
0.49
0.24
0.25
0.33
0.55
0
0.4
0.38
0.34
0.26
0.29
0.31
0.29
0
0.26
0
0.29
0.13
0.07
0.15
0
0.56
0
0.15
0.33
0.33
0.46
0.23
0.31
0.17
0.33
0.19
0
0.29
0
0.21
0.55
0.24
0.21
0.44
0.46
0.55
0.54
0.53
0.52
0.47
0.47
0.33
0.36
0
0.39
0.36
0.05
0.13
0.54
0.51
0.36
0.33
0.18
0.29
0.39
0.2
0.35
0.25
0.28
0.34
0.29
0.14
0
0.26
0.22
0.15
0.53
0.29
0.29
0.28
0
0.29
0.53
0.3
0.55
0.06
0.49
0.35
0.21
0.35
0.02
0.3
0.23
0.31
0.21
0.54
0.31
0.32
0.27
0.28
0.37
0.27
0.15
0.14
0.06
0.28
0.28
0.23
0
0.33
0.28
0.32
0.42
0.25
0.05
0.53
0.28
0.32
0
0.53
0.21
0.24
0
0.43
0.27
0.36
0.32
0.45
0.54
0.28
0.48
0.38
0.1
0.52
0.32
0.34
0.55
0
0.53
0.28
0.08
0.28
0.24
0.29
0.49
0.53
0.32
0.28
0.41
0.23
0
0.37
0.27
0
0.41
0.24
0.53
0.11
0.22
0.21
0.25
0.44
0.3
0.01
0.52
0.47
0.38
0.51
0.36
0
0.48
0.52
0.1
0.27
0.43
0.11
0.32
0.5
0.28
0.47
0.42
0
0.45
0.19
0
0.29
0.39
0.19
0.31
0.28
0.28
0.4
0.19
0.09
0.21
0.24
0.11
0.44
0.23
0.26
0.4
0.4
0.28
0.4
0.28
0.31
0.4
0.28
0.31
0.28
0.41
0.4
0.28
0.27
0.28
0.31
0.32
0.28
0.39
0.28
0.27
0.4
0.43
0.31
0.41
0.49
0.43
0.39
0.09
0.27
0.26
0.15
0.44
0.13
0.34
0.15
0
0.27
0.27
0.27
0.4
0.4
0.39
0.32
0.17
0.27
0
0.49
0.52
0
0.28
0.48
0.18
0.27
0.24
0.27
0.37
0.5
0.51
0.27
0.18
0.42
0.39
0.37
0.27
0.15
0.31
0.41
0.35
0.27
0.34
0.35
0.42
0
0.22
0.24
0.4
0
0
0.3
0.52
0.31
0.52
0.31
0
0
0.21
0.27
0.29
0.32
0.47
0.18
0.33
0.17
0
0.5
0.51
0.51
0.34
0.22
0.31
0.2
0.31
0
0
0.4
0
0.18
0.39
0
0.3
0.31
0.49
0.39
0.11
0.29
0.39
0.45
0.22
0.51
0.27
0.3
0.4
0.26
0.12
0.36
0
0.49
0.46
0.4
0.16
0
0
0.4
0.29
0.07
0.42
0.11
0.27
0.4
0.08
0.25
0.14
0.39
0.15
0
0
0.29
0.13
0.25
0.26
0.42
0.43
0.5
0.43
0.11
0
0.39
0.21
0.09
0.29
0
0.24
0
0.4
0.12
0.28
0.51
0.33
0.13
0.22
0.39
0.32
0.42
0.35
0.46
0.42
0.39
0
0.26
0
0.45
0.3
0.14
0.32
0.5
0.04
0.26
0.26
0.22
0.41
0.26
0.13
0
0.21
0.26
0.07
0.45
0.49
0.26
0.25
0.15
0.26
0.38
0.44
0.3
0.26
0.4
0.18
0.26
0.26
0.3
0.26
0.4
0.3
0.28
0.39
0
0
0
0.34
0.09
0.23
0.32
0.12
0.32
0.16
0.26
0.31
0.26
0.2
0.43
0.48
0.35
0.41
0.27
0.5
0
0.23
0.32
0.28
0.17
0.48
0.08
0.26
0.41
0.26
0.44
0.2
0
0.48
0.28
0.3
0.35
0.22
0.49
0.49
0
0.26
0.24
0
0.47
0.29
0.46
0
0.37
0.09
0.45
0.46
0.13
0.29
0.47
0.29
0.44
0.18
0.26
0.39
0.18
0.46
0.35
0.29
0.28
0.29
0.15
0.12
0.17
0.23
0.26
0.09
0.46
0.21
0.17
0
0.25
0.44
0.25
0.38
0.37
0.36
0.47
0.25
0.1
0
0.25
0.37
0.37
0.48
0.17
0.46
0.35
0.38
0.29
0.25
0.46
0.13
0
0.29
0.48
0.25
0.34
0.13
0.17
0.08
0.35
0.25
0.18
0.29
0.12
0.26
0.17
0.12
0.25
0
0.4
0
0.25
0.28
0.47
0.46
0.28
0.18
0.37
0.36
0.41
0
0.01
0.47
0.33
0.24
0.45
0.19
0.44
0
0.37
0.44
0.15
0.18
0.32
0.08
0.3
0.17
0.36
0.42
0.18
0.27
0.47
0.37
0.25
0
0.42
0.18
0
0.36
0.26
0.46
0.37
0.25
0.47
0.22
0.29
0.14
0.25
0.12
0.28
0.36
0.1
0.45
0.42
0.25
0.23
0.47
0.27
0.1
0.31
0.42
0.22
0
0.14
0.39
0.28
0.25
0.25
0.25
0.47
0.25
0.25
0.27
0.2
0.34
0.43
0.22
0.27
0.46
0.4
0.46
0.24
0.13
0.27
0
0.27
0.45
0.41
0.28
0.3
0.11
0.11
0.24
0.2
0.24
0.29
0.41
0.47
0.22
0.46
0.11
0.28
0.29
0.38
0.24
0
0.09
0.24
0.36
0
0
0.41
0.41
0.21
0.24
0.25
0.46
0.24
0.46
0.46
0.19
0.46
0.3
0.16
0.26
0.44
0.35
0.21
0.46
0
0.09
0.41
0.2
0.31
0.38
0.24
0.35
0.34
0.45
0.45
0.35
0.12
0.12
0
0
0.37
0.24
0.18
0.16
0.24
0.42
0.2
0.28
0
0.07
0.24
0
0.24
0.36
0.28
0
0.14
0
0.25
0
0
0.36
0.24
0.07
0.36
0.45
0.27
0.08
0.27
0
0.31
0.07
0
0.42
0.01
0.12
0.38
0.44
0.19
0.12
0.43
0.33
0
0.4
0.16
0.16
0.35
0.15
0.42
0.15
0.35
0
0.36
0.23
0.45
0
0.27
0.22
0.2
0.24
0.4
0.27
0.42
0.44
0.27
0.08
0.24
0.25
0.22
0.09
0.24
0.44
0.44
0.25
0.4
0.24
0.18
0.41
0.27
0.26
0
0.23
0.18
0.25
0.16
0.45
0.38
0.27
0.42
0.34
0.14
0.14
0.12
0.25
0.35
0.19
0.19
0.45
0.06
0.37
0.23
0.35
0.15
0
0.14
0.45
0.24
0.45
0.16
0.44
0.23
0.25
0.23
0.31
0.39
0.19
0.43
0.33
0
0.26
0.37
0.15
0.23
0.26
0.23
0.21
0.14
0.3
0
0.05
0.42
0.23
0
0.04
0.23
0.41
0
0.05
0
0.1
0
0.41
0.14
0.23
0.27
0.28
0.38
0
0.38
0.34
0
0.3
0.44
0.28
0.29
0.23
0.35
0.43
0.37
0.04
0.26
0.43
0.44
0
0
0
0.27
0.23
0.35
0.33
0.39
0
0.26
0
0.33
0.24
0.22
0.43
0.23
0.36
0.3
0.46
0.23
0.23
0.26
0.33
0.35
0.25
0.34
0.33
0.43
0.44
0.26
0.4
0.21
0.33
0.2
0.25
0
0.13
0
0.33
0.12
0.13
0.33
0.2
0.38
0.37
0.27
0.23
0.38
0.36
0.34
0.38
0.33
0.19
0.26
0.23
0.42
0.04
0.26
0.26
0.38
0.09
0.3
0.43
0.22
0.22
0.33
0.33
0.19
0.11
0.3
0.43
0.33
0.26
0.37
0.22
0
0.18
0.09
0.24
0.3
0.25
0.29
0.08
0.25
0.22
0.02
0.42
0.24
0
0.14
0.19
0
0.22
0.42
0.05
0.21
0.36
0.43
0.25
0.39
0.2
0
0.13
0
0.26
0.03
0.33
0.15
0.25
0.21
0.42
0
0.12
0
0.34
0.36
0.34
0
0.42
0.23
0.03
0.22
0.21
0.39
0.13
0.32
0.41
0.38
0.14
0.42
0.4
0.3
0.42
0.25
0.22
0
0.12
0.22
0.26
0.34
0.39
0.42
0.26
0.3
0.41
0.17
0.42
0.08
0.25
0.27
0.09
0.32
0.11
0
0.1
0
0.08
0.22
0
0.36
0.36
0.19
0.26
0.09
0.41
0.41
0.32
0.22
0
0.21
0.26
0.32
0.16
0.42
0
0.25
0
0.17
0
0.09
0.4
0.04
0.36
0.25
0.34
0.38
0.04
0.35
0.42
0.35
0.13
0.36
0.25
0.22
0.14
0.13
0.18
0.42
0.22
0.32
0.11
0.24
0.42
0.3
0.22
0.21
0.37
0.37
0.06
0.42
0.22
0.37
0.19
0.3
0.22
0.2
0.22
0.3
0.41
0.28
0.14
0.4
0.22
0.33
0.26
0.26
0
0.35
0.37
0.19
0.25
0.33
0
0.25
0.18
0.07
0.19
0.28
0.33
0.1
0.4
0.36
0
0.25
0.25
0
0.16
0.35
0.2
0.41
0.18
0.34
0
0.24
0.41
0.4
0.19
0.34
0
0.24
0
0.26
0.34
0.31
0.41
0
0.41
0.26
0.26
0.34
0.31
0.28
0.34
0.31
0.36
0
0
0.4
0
0
0.21
0.41
0.36
0.19
0.16
0.35
0.41
0.26
0.19
0.2
0.39
0.21
0.41
0.31
0.17
0.24
0.32
0.31
0.01
0.36
0.13
0.41
0
0.4
0.22
0.35
0.38
0.21
0.18
0.24
0.16
0.21
0.4
0.21
0.28
0.31
0.18
0
0.23
0.12
0.21
0.31
0.15
0.21
0.24
0.35
0.28
0.25
0.15
0.39
0.33
0.4
0.36
0
0.21
0.1
0.37
0.09
0.21
0.16
0.17
0.21
0.07
0.02
0.23
0.33
0.39
0.39
0.31
0.21
0.27
0.33
0.37
0.39
0.24
0.21
0.24
0.18
0.21
0.15
0.11
0.39
0
0
0.33
0.22
0.13
0.23
0.21
0.14
0.24
0.35
0.21
0.33
0.31
0.23
0.21
0.24
0
0.24
0.22
0.33
0.15
0
0.39
0.34
0.03
0.24
0.21
0.23
0.22
0.2
0.38
0.42
0.23
0
0.32
0.3
0.21
0.21
0.21
0.33
0.35
0.19
0.3
0.37
0.3
0.23
0.39
0
0.39
0
0.35
0
0.2
0.21
0.35
0.34
0.34
0
0.34
0.32
0.19
0.09
0.35
0.24
0.32
0.32
0.36
0
0.3
0.21
0
0.32
0.39
0.2
0.35
0.36
0.14
0.39
0.2
0.32
0.18
0.21
0.22
0.02
0.3
0.31
0.18
0.31
0.21
0.39
0.19
0.16
0.13
0.16
0.16
0.31
0
0.2
0.17
0.16
0.2
0.22
0.2
0
0.26
0.3
0.36
0.2
0.15
0.26
0
0.2
0.3
0.2
0.3
0.14
0.24
0.41
0.04
0
0.23
0.34
0.01
0.37
0.2
0.23
0.26
0
0.23
0.23
0
0.16
0
0.28
0.17
0.18
0.15
0.21
0.2
0
0.31
0.21
0.2
0.27
0
0.34
0.28
0.36
0.37
0.23
0.09
0
0.24
0.36
0
0.36
0.29
0.3
0.23
0.23
0
0.1
0.33
0.08
0.2
0.05
0.2
0.13
0.39
0.18
0.24
0
0.19
0.14
0.26
0.16
0.15
0.2
0.21
0.35
0.11
0.2
0.31
0.37
0.34
0
0.23
0.15
0.34
0
0.36
0.21
0.34
0.22
0.29
0.18
0
0.23
0
0.34
0
0.2
0.24
0.26
0.23
0.34
0.02
0.18
0.19
0.38
0.2
0.23
0.23
0.38
0.08
0
0.36
0.38
0.17
0.13
0.34
0.31
0.32
0.13
0.18
0
0.12
0
0.33
0.2
0.2
0.38
0
0.1
0.37
0.2
0.31
0.3
0.27
0
0.36
0.2
0.29
0
0.25
0.22
0.31
0.29
0
0.31
0.34
0.22
0.37
0.23
0
0.22
0.14
0.12
0
0.32
0.32
0.37
0.32
0.2
0.33
0.22
0.27
0.06
0.2
0.33
0.18
0.2
0.17
0.29
0.38
0.32
0.31
0.22
0.24
0.22
0
0.29
0.34
0.32
0.2
0.19
0.12
0.22
0
0.24
0.17
0.18
0.31
0.35
0
0.09
0.19
0.22
0.19
0.22
0.01
0
0.31
0.26
0.37
0.17
0.29
0
0.23
0.33
0.19
0.17
0.19
0.26
0.07
0.19
0.19
0.15
0.38
0.36
0.17
0.14
0.36
0.37
0
0.22
0.22
0.37
0
0.28
0.34
0.32
0.14
0.29
0.18
0
0.39
0.08
0.36
0.24
0.23
0.37
0.36
0.14
0.22
0.36
0.3
0.18
0.31
0
0.18
0.18
0.14
0.22
0.19
0.34
0.18
0.25
0
0
0.29
0.3
0.28
0.36
0
0.31
0.31
0.18
0.23
0
0.19
0.36
0.16
0.19
0.37
0.23
0.22
0
0.19
0.33
0.24
0.07
0.34
0.19
0.16
0
0.22
0
0.35
0.36
0.28
0.19
0.35
0
0.19
0.29
0.26
0.36
0.19
0.19
0.36
0
0.12
0.27
0.2
0
0.28
0.38
0.13
0.19
0.05
0.16
0.21
0.09
0
0.07
0
0.21
0.16
0
0.24
0.29
0.19
0.36
0.17
0
0.17
0.27
0
0
0.15
0.27
0.13
0.19
0.3
0.22
0.07
0
0.27
0.1
0.19
0.29
0
0.11
0.35
0.3
0.21
0.11
0.15
0.12
0.21
0
0.19
0.19
0
0.29
0.19
0.16
0.27
0.15
0.19
0.31
0.3
0
0.07
0.19
0
0.13
0.19
0.32
0.21
0.34
0.16
0.18
0.11
0
0.21
0.13
0.28
0.32
0.21
0
0.14
0.24
0
0.12
0.21
0.21
0.26
0.02
0.16
0.19
0.12
0.32
0.35
0.35
0.22
0.35
0.35
0.05
0.18
0.28
0
0.24
0.12
0.34
0.11
0.28
0.13
0.31
0.15
0.11
0.29
0.32
0.35
0.35
0.35
0.09
0.35
0.21
0.12
0.19
0.13
0.32
0
0.35
0.12
0.16
0.29
0.14
0.18
0.28
0.34
0.34
0.08
0.18
0.17
0.2
0
0.34
0.21
0.29
0.18
0.18
0.09
0.18
0.18
0.35
0
0
0.21
0.14
0.31
0
0.21
0.06
0.35
0
0.3
0.3
0.35
0.29
0.05
0.14
0.1
0
0.28
0
0.26
0.12
0.17
0
0.11
0.33
0.34
0
0.17
0.37
0.13
0.3
0
0.09
0.34
0.11
0.09
0
0.11
0
0.2
0.17
0.25
0
0.3
0.34
0.31
0.31
0.25
0.33
0.28
0
0.08
0
0.24
0.18
0.32
0.09
0
0
0
0.18
0.18
0.18
0
0.17
0.07
0.17
0.21
0.21
0.11
0.18
0.24
0.21
0.2
0.04
0.26
0.14
0.33
0
0.26
0.2
0.29
0.33
0.19
0
0.2
0.18
0.27
0.25
0.07
0.29
0.29
0.13
0.33
0.2
0.2
0.26
0.33
0.27
0.12
0
0
0.23
0.2
0.3
0.33
0.27
0.27
0.33
0
0.23
0.07
0.18
0
0.18
0.11
0
0.24
0.18
0.18
0
0
0
0
0.06
0.33
0.06
0.19
0
0
0.33
0.29
0.27
0.23
0
0.2
0
0.25
0.21
0.17
0.24
0.17
0
0
0.33
0.06
0.25
0.16
0.32
0.2
0.28
0.25
0.23
0.17
0.27
0.08
0
0.1
0.22
0.17
0.25
0
0.09
0
0.14
0.19
0.17
0.25
0.26
0.13
0
0.08
0.16
0.04
0.17
0
0.15
0.17
0.03
0.25
0
0.2
0.31
0.3
0.13
0.21
0.15
0.23
0
0.05
0.11
0.18
0.23
0.17
0.27
0.25
0.32
0.17
0.19
0.26
0.18
0.13
0.17
0.17
0.09
0.11
0.13
0.23
0.17
0
0.17
0.17
0.17
0.27
0.32
0.17
0.1
0
0.19
0.1
0.3
0.19
0
0.17
0.18
0.32
0.06
0.27
0.09
0.16
0.17
0.3
0.08
0
0.32
0.25
0
0.11
0.25
0.17
0.11
0
0.19
0.2
0.13
0.1
0.25
0.31
0.28
0.27
0.32
0.25
0.08
0.15
0.15
0.17
0
0.19
0.07
0.25
0.24
0.19
0.17
0.26
0.17
0.32
0.32
0.17
0.28
0.29
0.26
0.14
0.22
0.32
0.13
0.31
0.15
0
0.27
0.32
0.15
0.22
0.19
0.29
0.32
0
0.17
0.14
0.25
0
0.05
0.31
0.31
0.13
0.28
0.14
0.3
0.19
0.09
0.25
0.15
0.31
0.29
0.18
0.24
0.11
0.26
0.21
0.1
0
0
0.28
0.29
0.17
0.04
0.27
0.19
0.16
0.3
0.17
0.25
0.12
0.16
0
0.06
0.14
0.21
0.17
0.15
0.06
0.13
0.09
0.23
0.16
0.24
0.06
0
0.14
0.27
0.14
0.12
0.19
0
0.31
0.15
0.13
0.14
0
0.26
0.2
0.26
0.14
0.26
0.25
0.29
0.31
0.31
0.12
0.25
0.12
0.3
0.16
0.25
0.21
0.31
0
0.09
0.26
0
0.14
0.16
0.24
0.21
0.16
0
0.15
0.22
0
0
0.17
0.26
0.3
0.16
0.1
0.16
0.17
0.1
0.14
0.26
0.24
0.05
0.08
0
0.26
0
0.17
0.18
0.09
0.26
0.27
0.1
0
0.31
0.15
0.25
0.22
0.11
0.01
0.16
0.16
0.29
0.09
0.12
0.25
0.28
0.3
0.2
0
0.24
0
0.12
0.18
0.24
0.1
0
0
0.19
0.19
0.22
0.25
0
0.14
0.19
0
0.29
0.16
0.09
0.2
0.12
0
0.19
0.25
0.11
0.31
0.13
0.1
0.25
0.3
0.3
0.2
0.3
0.12
0.22
0
0.24
0.16
0.14
0.13
0.25
0.15
0.3
0.04
0.32
0.23
0.16
0
0.13
0.16
0.18
0.06
0.23
0.13
0.3
0.18
0.3
0.19
0.17
0.3
0
0.18
0.15
0.16
0.14
0.18
0.28
0.11
0
0.12
0.22
0.3
0
0.27
0.16
0.27
0.3
0.05
0.18
0.09
0.28
0.11
0.16
0
0.08
0
0.16
0.03
0.18
0.3
0.16
0.24
0.3
0.15
0.25
0.16
0.15
0.18
0
0.03
0.23
0.18
0
0.18
0.27
0.16
0.18
0.26
0.16
0
0
0
0
0.23
0.16
0.29
0.23
0
0.17
0.16
0.16
0.14
0.23
0.3
0.3
0.18
0
0.1
0.04
0.24
0.28
0
0
0
0.23
0.16
0
0
0
0.24
0.23
0.03
0.28
0.29
0.24
0.16
0.28
0
0.18
0.08
0.08
0.2
0.23
0.15
0.1
0.13
0
0.24
0.17
0
0.22
0.18
0.1
0
0.09
0.18
0.12
0.09
0.1
0.18
0
0.24
0.29
0.17
0.29
0.25
0
0.28
0.22
0.1
0
0.08
0
0
0.17
0.28
0.27
0.23
0.15
0.28
0.25
0.15
0
0.19
0.29
0.05
0.15
0.17
0.23
0.23
0.23
0.27
0.1
0.17
0.29
0.15
0.19
0.08
0.07
0
0.29
0
0.17
0.23
0.22
0
0.27
0.29
0.07
0
0.06
0.25
0.25
0.25
0
0
0.31
0.24
0.18
0
0.29
0.18
0
0.28
0.25
0.23
0.18
0.22
0.15
0.29
0.15
0.25
0.28
0.15
0
0.28
0.23
0.28
0.17
0.24
0
0.28
0.14
0.24
0
0.14
0.11
0.17
0.15
0.28
0.17
0.15
0.17
0.15
0.29
0
0.29
0.15
0.17
0.08
0.18
0.25
0.29
0.22
0.17
0.21
0.09
0.23
0.17
0
0.17
0.15
0
0
0.15
0.18
0.28
0.13
0.22
0.28
0.23
0.22
0.09
0.15
0
0
0.17
0
0.24
0.22
0.17
0
0.24
0.22
0.26
0.12
0.2
0
0.05
0.15
0.24
0.23
0.22
0.15
0.18
0.29
0
0.19
0.22
0.15
0
0
0
0.17
0.05
0.15
0.01
0.17
0
0.27
0.24
0.28
0
0.1
0
0.02
0.13
0.14
0.12
0.28
0.15
0.27
0.09
0.05
0.08
0.05
0
0
0.05
0.15
0.2
0.24
0.24
0
0.21
0.15
0.24
0.17
0
0
0.15
0.21
0
0.2
0.13
0.17
0.02
0.23
0.15
0.1
0
0.23
0.15
0.13
0
0.07
0.26
0
0.28
0.28
0.08
0.15
0.27
0.26
0.21
0.01
0
0
0.06
0.12
0.15
0.28
0
0.13
0.02
0
0.17
0
0.18
0.3
0
0.14
0.21
0.21
0.19
0.16
0.16
0.25
0
0.23
0
0.14
0.22
0.15
0.12
0.02
0.22
0.24
0.22
0.14
0.23
0.28
0.28
0.27
0.14
0.26
0.09
0.21
0.12
0.13
0.26
0.25
0.04
0.16
0.21
0
0.25
0.01
0
0.18
0.23
0.22
0.06
0.11
0.16
0.02
0.2
0
0.24
0
0.11
0.09
0.23
0.14
0.02
0.13
0.03
0
0.08
0.27
0.14
0
0.14
0.16
0
0.13
0.17
0.14
0
0.25
0.13
0
0.18
0.27
0.27
0.22
0.22
0.18
0.06
0
0.13
0.16
0.14
0.13
0.14
0.15
0.06
0.27
0
0.23
0.23
0.23
0.23
0.22
0.23
0.23
0.23
0.1
0
0
0.21
0.14
0.23
0.14
0.15
0.22
0.16
0.18
0.22
0.17
0
0.22
0
0.22
0.1
0
0.22
0.16
0.13
0
0.08
0.27
0.26
0.14
0
0.07
0.06
0.27
0.15
0.17
0.12
0.26
0.12
0.26
0.16
0.27
0
0.11
0.14
0.13
0.16
0
0.03
0.14
0
0.14
0.27
0.16
0.13
0.27
0
0
0.26
0.14
0
0
0.11
0.12
0.22
0.06
0.26
0.21
0.16
0.26
0
0.26
0.2
0.08
0.14
0.07
0.26
0.03
0.11
0.14
0.14
0.15
0.16
0
0.2
0.2
0.26
0
0.26
0
0.15
0.16
0.21
0.16
0.09
0.24
0.1
0.14
0.21
0.2
0.2
0.14
0.18
0
0.22
0
0.2
0
0.01
0.24
0.21
0
0.25
0.15
0.2
0.24
0
0.26
0.14
0.27
0.16
0.14
0.16
0.1
0.14
0.22
0.21
0
0.13
0.19
0.2
0.16
0
0
0
0.14
0
0
0.12
0.2
0.26
0
0.14
0.27
0.11
0.14
0.21
0.09
0.14
0.27
0.26
0.2
0.12
0.13
0.26
0.16
0.18
0.14
0.2
0.2
0.09
0.14
0.12
0.14
0.03
0.21
0.11
0.22
0.16
0.2
0
0.12
0.22
0.21
0.24
0
0.13
0
0.14
0.01
0.14
0.14
0.1
0.21
0.25
0.14
0.26
0.23
0.05
0
0.05
0.26
0.15
0.14
0
0.21
0.15
0.11
0
0.14
0.26
0
0.14
0
0
0
0.24
0.09
0.21
0.25
0.25
0.11
0.15
0.14
0.21
0.14
0.14
0
0.22
0.17
0
0.14
0.2
0.22
0.04
0
0.06
0
0
0.26
0
0.13
0
0.06
0.13
0
0.13
0.26
0.05
0.25
0.21
0.18
0
0.21
0
0.2
0
0.09
0.2
0.14
0.24
0
0.15
0.2
0.15
0.26
0.25
0.09
0.09
0.15
0.02
0.15
0.15
0.09
0.12
0.08
0.12
0.16
0.26
0.02
0.09
0.13
0.15
0
0
0.15
0.13
0.21
0
0.15
0
0.07
0.13
0.19
0.14
0.2
0.24
0.25
0.25
0.25
0.12
0.1
0.06
0.18
0
0.13
0.19
0.1
0.21
0.09
0.21
0
0
0.19
0
0.13
0.08
0.2
0.24
0.13
0.2
0.2
0.25
0.1
0.25
0
0.25
0.18
0.22
0.14
0.13
0
0
0.13
0.13
0.04
0.13
0.2
0.19
0.06
0.13
0.23
0.25
0.1
0.13
0
0.22
0.12
0.25
0.25
0
0.14
0
0.13
0.21
0.16
0.2
0.15
0.15
0.25
0.25
0
0.01
0.19
0.25
0.23
0.22
0.24
0.15
0.13
0.08
0
0
0.21
0.24
0.16
0.18
0
0.24
0.13
0.25
0.15
0.18
0.25
0.25
0.15
0.2
0.25
0.09
0.15
0.19
0.24
0.06
0.11
0.15
0
0.25
0.13
0.13
0.13
0.25
0.23
0.13
0.25
0.06
0.25
0
0.19
0.15
0.04
0.24
0.25
0.24
0.16
0.13
0.14
0.06
0.18
0.11
0.19
0.2
0
0.24
0.11
0.25
0.24
0.19
0.06
0.23
0.21
0.21
0
0
0.22
0
0.22
0.13
0.16
0
0.24
0.08
0.13
0
0.08
0.15
0.13
0.13
0.05
0.04
0.15
0
0
0.13
0
0.19
0
0.16
0.05
0.09
0
0.24
0.24
0
0.13
0.22
0.1
0.24
0
0.19
0
0.26
0
0.19
0
0.19
0.11
0.15
0.13
0
0.24
0.2
0.13
0
0.25
0.24
0.14
0
0.01
0
0.24
0.14
0.14
0
0
0.24
0.13
0.17
0.17
0.1
0.04
0
0.18
0
0
0.21
0.21
0.21
0.21
0.13
0.06
0.13
0.19
0.13
0
0.11
0.17
0.19
0.2
0.1
0.24
0.12
0
0.2
0.14
0.19
0.05
0.15
0.15
0.14
0.13
0.2
0.01
0.24
0.13
0
0.08
0.1
0.24
0.2
0.24
0
0.18
0
0.16
0.18
0.19
0.03
0.13
0.14
0.08
0
0.17
0.1
0.13
0.15
0.23
0.19
0
0
0.12
0.2
0.23
0.18
0.07
0
0.24
0.22
0
0
0.18
0.03
0.24
0.2
0.19
0
0.13
0
0.14
0.1
0.13
0
0
0.16
0.21
0.13
0.23
0
0.19
0.2
0.18
0.19
0
0.16
0
0.23
0.12
0.22
0.24
0.14
0.04
0.09
0.17
0.15
0.23
0.12
0
0.12
0.14
0.11
0.18
0.23
0.19
0.09
0
0
0.1
0.2
0.12
0.19
0.21
0.14
0.18
0
0
0.19
0.14
0.22
0.2
0.14
0.12
0.18
0.22
0.14
0.16
0.15
0.1
0.12
0.14
0.09
0.14
0.22
0
0.1
0
0.19
0.1
0.19
0.22
0.19
0.18
0.25
0
0.12
0.18
0.06
0
0.21
0.18
0.19
0.19
0.14
0.16
0.23
0
0.21
0.14
0.16
0.23
0.2
0.2
0.2
0.11
0.2
0.23
0.2
0.07
0
0.12
0.19
0.12
0
0.19
0.14
0.15
0.12
0
0
0.08
0
0.03
0.18
0.17
0.11
0.1
0.03
0.2
0.14
0.2
0.18
0
0.14
0.14
0.19
0
0.16
0.12
0
0.11
0.12
0.16
0.23
0.19
0.14
0.07
0.19
0.14
0.23
0.22
0.12
0.2
0.12
0.19
0.12
0.14
0.18
0.02
0.14
0.06
0
0.08
0.18
0.06
0.14
0.05
0.19
0.12
0.12
0
0.22
0.18
0.23
0.19
0.18
0.03
0.21
0.19
0.04
0.07
0.11
0.08
0.12
0.13
0.12
0
0.12
0.16
0.18
0
0.22
0.12
0.12
0.03
0.11
0.23
0.21
0
0.14
0.12
0.04
0.14
0.23
0.14
0.16
0.16
0.22
0.11
0.11
0.08
0.2
0.12
0
0.12
0.1
0.23
0.18
0
0.12
0.22
0.02
0.11
0
0.1
0.12
0.11
0.19
0.14
0.17
0.04
0.13
0.06
0.13
0.18
0.05
0.21
0.15
0.21
0.21
0.08
0.1
0.23
0.05
0.2
0.18
0.17
0.17
0.12
0.14
0.18
0.1
0
0.19
0.16
0.22
0
0
0.19
0.16
0.02
0
0.18
0.16
0.17
0.17
0.18
0.22
0.09
0
0.17
0.12
0.22
0.12
0.15
0.19
0.21
0.2
0
0.18
0.19
0.22
0.19
0.19
0.19
0.19
0.19
0.19
0.21
0.12
0
0.12
0.18
0.13
0.19
0
0.22
0.17
0.22
0.22
0.13
0
0.13
0
0.15
0.09
0.08
0.18
0.12
0.08
0.18
0.22
0
0.18
0.16
0.09
0.18
0.13
0.19
0.07
0.17
0.17
0.19
0
0.15
0.12
0.16
0.12
0.13
0.12
0.12
0.22
0
0.04
0
0.12
0.06
0.13
0.13
0.16
0.13
0.22
0.16
0.09
0.1
0
0.13
0.17
0.08
0.18
0.17
0
0.21
0.13
0.22
0.22
0.11
0.16
0.1
0.09
0.22
0.13
0.17
0.1
0.14
0.16
0.12
0.12
0.16
0.18
0.12
0.22
0.11
0.11
0.16
0
0.09
0
0.13
0
0
0.09
0.22
0.11
0
0.18
0.18
0.07
0.18
0.18
0.17
0
0
0.15
0.11
0.16
0.14
0.22
0.17
0
0.13
0.14
0.09
0.19
0.08
0.17
0
0.11
0.17
0
0
0.14
0.13
0.11
0.22
0.22
0.11
0
0.21
0
0.22
0.2
0.09
0.18
0.18
0.2
0.22
0.11
0.11
0
0.16
0.17
0.14
0.11
0.16
0.13
0
0
0.18
0.21
0.1
0.19
0.21
0.19
0.2
0.13
0.13
0.21
0.17
0
0.11
0.13
0
0
0.13
0.13
0.21
0.17
0.15
0.15
0
0.13
0.21
0.08
0.11
0
0.17
0.13
0.08
0.11
0.21
0.16
0.15
0.19
0
0
0.2
0.2
0
0.21
0
0
0
0.11
0.15
0.09
0.11
0.02
0.22
0
0.13
0.16
0.21
0
0
0.14
0.11
0.16
0.21
0
0.17
0
0.17
0.08
0.11
0.06
0.13
0
0.11
0
0.13
0
0.18
0.11
0.11
0.18
0.18
0.06
0.21
0.06
0.17
0.09
0.11
0.15
0.19
0.21
0.21
0.11
0.19
0.11
0.2
0.11
0.09
0.14
0.21
0
0.11
0.21
0
0.06
0
0.11
0.13
0.11
0.2
0
0.21
0.2
0.11
0.11
0.2
0.2
0
0.1
0.18
0.17
0
0.11
0.12
0.16
0.12
0
0.17
0.21
0.21
0.21
0.14
0.17
0
0.13
0
0.21
0.17
0.11
0.11
0
0.13
0.21
0.13
0
0.17
0.2
0.01
0.21
0
0.11
0.1
0.11
0.17
0.16
0.16
0.21
0.05
0.14
0.19
0.09
0
0.06
0.13
0.21
0
0.12
0.18
0.12
0.19
0.03
0.2
0.07
0.2
0
0.14
0.19
0.2
0.16
0.07
0.07
0.03
0.03
0.19
0.2
0.16
0.12
0.12
0.16
0.09
0.05
0.12
0.09
0.05
0.16
0.2
0.09
0.16
0.09
0.16
0
0.17
0.11
0.18
0.14
0
0.18
0.18
0
0.17
0.17
0.2
0.21
0.11
0.03
0.12
0.04
0.2
0.15
0.16
0.11
0.12
0.17
0.16
0.13
0.05
0
0.17
0.11
0.11
0
0.19
0.07
0.11
0.1
0
0.17
0.2
0.1
0.2
0.11
0.11
0
0.2
0.19
0.12
0.11
0.01
0.1
0.11
0.16
0.12
0.2
0.16
0.08
0
0.11
0.2
0
0.17
0.09
0.12
0
0.16
0.2
0
0.12
0.12
0.07
0.19
0.14
0.05
0.14
0.17
0
0.15
0
0.15
0.17
0.06
0.19
0
0.11
0
0.11
0.13
0
0
0.17
0.03
0.12
0.1
0.12
0.11
0.12
0.12
0.1
0.2
0.07
0.11
0.12
0
0.17
0.11
0.2
0.11
0
0.16
0.09
0
0
0.03
0
0
0.2
0.08
0.09
0.1
0.2
0.12
0.18
0.17
0.12
0.11
0.1
0.1
0
0.1
0.2
0
0.15
0.1
0.16
0
0.1
0.19
0.11
0.19
0.16
0.14
0.12
0.19
0.16
0.16
0.1
0.07
0.1
0.2
0.05
0.2
0.2
0.2
0
0.1
0.12
0.17
0.11
0.18
0.1
0.1
0.1
0
0.16
0
0.07
0
0.12
0.09
0.17
0.19
0.06
0.12
0.15
0.16
0.15
0.18
0.2
0
0.1
0.16
0.2
0.2
0.06
0.1
0.12
0.09
0
0.16
0.15
0.19
0.19
0.17
0.17
0.17
0.17
0.17
0.17
0.13
0.2
0
0.06
0
0.16
0
0.12
0.12
0
0
0.18
0.12
0.1
0.17
0.1
0.1
0.09
0.16
0.15
0
0.15
0.08
0
0.13
0.16
0.12
0.16
0.18
0.12
0.1
0.1
0.19
0
0.12
0.03
0.03
0.19
0.19
0.19
0
0.19
0.1
0.11
0.19
0.15
0.11
0
0.19
0.19
0
0.1
0
0.15
0
0.19
0.09
0.14
0.15
0.19
0.04
0.13
0.16
0.15
0
0.1
0.1
0.14
0
0.05
0.11
0.17
0.16
0.06
0
0.15
0.15
0.1
0.18
0.15
0.02
0
0.19
0.15
0.19
0.17
0.15
0.11
0
0.19
0.19
0.07
0.17
0.1
0.16
0
0.1
0.15
0.17
0
0.11
0.14
0
0
0.09
0.06
0.15
0.15
0.06
0
0.14
0.16
0
0.15
0
0.09
0.15
0.1
0
0
0.05
0.06
0
0.1
0.1
0
0.04
0.06
0
0.17
0.19
0.14
0
0.1
0.16
0
0
0.15
0.13
0.16
0.06
0.1
0.16
0
0.1
0.14
0.09
0.09
0
0.1
0.17
0
0
0.17
0.14
0.1
0.18
0.16
0.13
0
0.13
0
0.15
0.14
0
0.15
0
0.19
0.16
0.02
0.1
0.14
0.06
0.1
0.1
0.19
0.19
0.19
0.1
0.1
0.11
0.18
0.12
0.1
0.14
0.15
0.11
0
0.1
0.07
0.1
0.1
0.15
0.13
0.06
0.1
0.15
0.16
0
0.06
0.13
0.16
0.16
0.16
0.16
0.16
0
0.16
0.18
0.15
0
0.14
0.16
0.16
0.18
0.09
0
0.14
0.1
0.06
0
0.15
0
0.08
0.07
0.1
0.15
0
0.14
0.15
0
0.02
0
0.14
0.05
0.12
0.1
0
0.02
0.18
0.12
0.05
0.15
0.15
0
0.1
0
0.18
0.04
0.1
0.1
0.19
0.15
0.18
0
0
0.15
0.18
0.12
0.16
0
0.1
0.18
0.17
0.11
0.07
0.17
0.15
0.09
0.1
0.1
0
0.18
0.07
0.18
0.1
0.18
0.18
0.14
0.1
0
0.08
0
0
0.18
0.16
0.14
0.14
0.17
0.15
0.15
0.11
0.14
0.05
0.15
0
0
0.15
0.18
0.15
0.14
0
0.15
0.05
0.13
0.1
0.15
0.18
0.1
0
0.18
0.06
0.04
0.1
0.07
0.1
0.14
0.16
0.02
0.18
0.18
0.05
0.15
0.1
0.14
0.07
0.15
0.06
0
0.11
0.07
0.08
0.1
0.13
0.1
0.13
0.18
0
0.07
0.18
0
0.14
0.17
0
0
0.15
0
0.16
0.14
0
0
0.05
0
0.1
0.05
0.14
0.09
0.1
0.14
0.18
0.11
0.11
0.16
0.17
0.13
0
0.01
0
0.07
0.06
0
0.17
0.09
0
0.12
0.16
0.18
0
0.11
0.13
0.11
0
0.15
0.1
0.15
0.09
0.18
0.05
0.15
0.18
0.16
0.17
0.09
0.09
0.14
0
0.18
0.14
0.09
0
0.17
0.09
0.18
0.16
0.09
0.14
0
0
0.09
0.04
0.11
0
0
0.09
0.08
0.1
0.06
0.15
0.08
0.02
0
0.09
0.09
0.11
0.15
0.09
0.17
0.14
0
0.14
0.14
0
0.13
0.09
0.05
0.18
0.14
0.14
0.07
0.15
0
0.08
0.15
0.15
0.15
0
0
0.15
0.15
0
0.18
0
0.18
0.13
0.15
0.11
0.11
0.09
0.14
0
0.11
0.1
0.18
0
0.06
0.18
0.09
0.14
0.09
0.04
0.12
0
0.1
0.11
0.15
0
0.11
0.14
0.09
0.09
0
0.09
0
0.09
0
0.05
0.15
0.18
0.18
0.18
0
0.18
0.1
0
0
0.14
0.18
0
0
0.15
0
0.11
0.11
0.1
0.09
0.17
0
0
0.1
0.16
0
0.09
0
0
0
0
0
0.17
0
0
0.12
0
0.18
0
0.07
0.18
0.13
0.1
0
0.14
0.1
0.17
0.02
0
0
0
0.13
0.1
0
0.13
0.1
0.12
0.09
0.18
0.09
0
0.09
0.13
0.05
0.12
0.09
0.15
0
0
0.14
0.17
0
0.14
0.15
0
0.16
0.09
0.17
0.17
0.09
0
0.1
0.07
0.13
0.14
0.14
0.17
0.09
0.14
0.17
0.12
0.1
0
0.06
0.04
0.17
0.09
0.06
0.1
0.17
0.08
0.09
0.13
0.13
0.17
0.09
0.14
0.04
0.14
0.17
0.09
0.08
0.16
0.1
0.17
0.14
0.14
0
0.04
0.09
0.15
0.14
0.11
0.06
0
0.07
0
0.04
0.11
0.05
0.1
0.01
0.13
0.17
0.16
0
0.09
0.09
0
0.08
0.14
0.14
0.15
0.14
0.1
0.12
0.1
0
0
0
0.09
0.07
0.13
0
0.05
0.11
0
0.09
0.13
0
0.15
0.07
0.14
0.17
0
0.04
0.16
0.13
0
0.07
0.05
0.14
0.07
0.11
0
0.13
0
0.17
0.15
0.09
0
0.1
0.08
0
0.17
0.06
0.14
0.1
0.16
0.09
0.09
0
0
0.04
0.13
0.13
0.14
0.14
0
0.09
0.14
0
0.12
0.13
0.05
0.15
0.01
0.13
0.14
0
0.09
0.13
0.1
0.14
0.07
0.08
0
0.14
0.17
0.13
0
0.17
0
0.1
0.1
0.05
0.13
0.1
0.06
0.13
0.09
0.11
0.04
0.14
0.17
0.09
0.06
0.17
0.05
0.08
0.14
0.1
0.06
0.1
0
0.09
0.16
0.14
0.17
0.1
0.09
0.14
0.1
0
0.09
0.1
0.04
0.14
0.05
0.09
0.13
0.16
0.04
0.14
0
0.13
0
0.13
0.13
0.13
0
0
0
0.09
0.06
0.09
0.17
0.09
0.11
0.12
0.16
0.13
0.16
0.17
0.02
0.1
0.1
0.16
0.03
0.17
0.13
0.13
0.13
0
0
0.13
0.13
0.16
0.12
0.13
0.15
0.14
0.09
0.13
0.07
0.09
0.11
0
0.09
0.16
0.09
0.13
0
0
0.09
0
0.07
0.1
0.04
0
0.09
0.13
0.07
0.12
0.11
0.09
0.13
0.09
0.13
0.14
0.1
0.11
0.16
0.1
0.09
0.12
0
0.16
0.13
0.16
0
0.08
0.07
0
0.13
0.13
0
0.08
0.16
0.1
0.16
0.16
0
0.08
0.13
0.16
0.16
0
0.13
0.07
0.15
0.16
0.13
0.13
0.08
0
0.08
0.12
0.08
0.13
0.08
0.13
0.13
0.1
0
0
0
0.16
0.06
0
0
0.15
0.13
0.13
0.05
0.08
0.08
0.12
0.16
0.08
0.08
0.03
0.01
0.12
0.08
0
0.1
0.15
0.06
0
0.08
0
0
0.16
0
0.13
0.12
0
0.16
0.16
0.07
0.16
0.13
0.03
0.13
0
0
0.05
0.16
0.16
0.04
0.13
0
0.16
0.13
0.12
0.09
0.09
0.12
0.16
0.16
0.14
0.08
0.07
0
0.14
0.05
0.12
0.13
0.12
0.14
0.12
0.06
0.08
0
0.08
0
0.12
0.02
0
0.02
0.16
0.1
0.11
0.16
0
0
0.16
0.05
0.09
0.1
0.14
0.08
0.12
0.16
0.08
0.12
0.08
0.11
0
0.08
0.09
0.04
0.09
0
0
0.13
0.15
0.11
0.12
0
0.13
0
0.08
0.13
0.09
0.09
0.13
0.13
0
0.09
0.15
0.07
0.08
0.02
0.02
0.09
0.15
0
0.13
0
0.14
0
0
0.08
0
0.08
0.06
0.13
0.13
0.1
0.13
0.05
0
0.1
0
0.13
0.12
0.12
0
0.16
0.15
0
0.04
0
0
0.08
0.12
0
0.15
0.15
0.11
0.08
0.13
0.12
0.12
0.11
0.13
0.08
0.14
0
0.08
0
0.12
0
0
0.07
0
0.01
0
0.11
0.12
0.04
0.15
0.14
0.15
0.15
0.15
0
0.13
0.05
0.08
0
0.13
0.13
0
0.08
0
0.08
0.16
0.12
0.05
0.15
0.14
0.09
0.08
0.13
0.12
0.07
0.12
0.08
0.11
0.12
0.07
0.08
0.11
0.06
0.13
0
0.08
0
0.13
0.11
0.08
0
0.12
0.08
0.02
0.12
0.15
0.14
0.06
0.11
0.11
0.08
0.07
0.15
0.15
0
0.12
0
0.09
0.09
0.13
0.12
0
0.13
0.13
0
0
0.09
0.12
0.12
0.08
0.15
0.05
0.07
0
0
0.12
0.11
0.15
0.13
0.15
0.12
0.08
0.08
0.14
0.15
0
0.08
0.08
0.12
0.14
0.08
0
0.15
0.12
0.08
0.12
0
0.09
0.15
0.12
0.13
0.15
0
0
0.08
0.15
0.12
0.08
0
0.14
0.08
0.14
0.12
0.15
0.11
0
0.08
0.15
0.15
0
0.15
0
0.09
0.11
0
0.13
0.13
0.13
0
0.13
0.13
0.13
0.13
0.13
0.13
0.13
0
0.12
0
0.05
0
0.08
0
0
0.08
0.11
0
0.12
0.14
0.15
0.15
0.08
0.14
0.03
0
0.15
0.06
0.08
0.08
0.16
0.07
0
0.1
0.15
0.15
0.13
0.14
0.08
0.14
0.09
0.15
0.09
0.09
0.15
0.13
0
0.05
0
0
0.12
0.11
0.02
0.09
0
0.11
0.11
0
0.14
0
0.14
0.07
0.15
0.1
0.15
0
0.15
0
0.15
0.04
0.11
0.04
0
0
0.15
0.09
0.1
0.01
0.08
0.13
0.11
0.14
0
0
0.12
0.14
0.11
0.15
0.1
0.14
0.14
0.03
0
0
0.11
0.15
0.12
0.11
0.12
0.09
0.1
0.12
0.06
0.12
0
0.14
0.08
0.08
0
0.13
0.14
0
0.09
0.03
0.07
0
0.14
0.15
0.08
0
0.14
0.07
0.15
0.11
0.13
0.06
0.09
0.09
0.05
0.14
0.11
0.09
0.02
0.09
0.12
0.15
0.11
0
0.11
0.08
0.04
0.1
0.08
0.13
0.07
0.08
0.14
0.08
0.14
0.14
0.12
0.12
0.08
0.14
0
0.08
0.12
0.11
0.13
0.07
0.12
0
0.12
0.12
0.12
0.12
0.13
0
0.07
0.08
0.14
0.09
0.14
0.14
0
0.14
0
0.05
0.11
0.12
0.05
0.13
0.11
0.07
0.11
0.11
0.14
0.12
0.09
0.11
0.12
0.07
0.07
0.07
0.08
0.14
0.12
0.13
0
0.13
0
0.1
0.14
0.12
0
0.07
0.12
0.13
0.07
0.05
0
0.14
0.05
0.11
0
0.14
0.08
0.08
0.14
0.07
0.12
0.12
0.11
0
0
0
0
0.11
0.14
0.12
0.11
0.11
0
0.12
0.14
0.09
0.12
0.05
0.08
0.12
0.14
0.08
0.14
0.11
0.13
0
0.11
0.07
0.08
0
0.07
0.06
0.13
0.14
0.07
0.07
0.14
0.07
0
0
0.04
0
0.11
0.11
0.07
0.02
0.12
0
0.09
0
0
0.04
0.11
0.07
0.07
0.08
0
0
0.12
0.12
0
0.12
0.14
0.14
0.08
0.11
0.11
0.02
0.13
0.05
0
0.14
0.11
0.13
0.12
0.11
0
0.07
0.12
0.14
0.12
0.14
0.08
0.11
0.11
0
0.14
0.1
0
0.07
0.11
0.11
0.06
0.11
0.07
0.08
0.14
0.11
0.13
0
0.14
0.04
0.14
0
0
0
0
0.14
0
0.13
0.14
0
0.07
0.11
0.07
0.11
0.11
0
0.14
0.11
0.1
0.07
0.11
0.01
0.11
0.13
0.08
0.13
0.13
0.11
0.11
0.08
0
0.03
0.08
0
0.08
0.11
0
0.15
0.09
0
0.08
0.11
0
0
0.06
0.09
0.11
0.05
0.08
0.13
0.11
0
0
0
0.13
0
0.09
0.12
0.14
0.08
0.1
0.11
0.08
0.11
0.11
0.14
0
0.07
0
0.13
0.07
0.07
0.13
0
0.1
0.1
0.13
0
0.14
0.11
0
0.04
0
0.1
0.13
0.11
0
0.11
0.09
0.07
0.12
0.07
0.07
0.02
0.03
0
0.11
0
0.13
0.08
0
0.1
0.07
0.08
0.07
0.07
0
0
0.1
0.07
0.08
0.08
0.13
0.13
0.12
0
0.07
0.13
0.11
0.11
0.07
0
0
0.1
0.08
0.08
0.1
0.11
0
0.13
0
0.08
0.09
0.13
0.07
0.12
0.07
0.07
0.1
0
0.08
0
0.11
0
0.1
0
0.07
0.13
0.02
0.05
0
0
0.13
0.11
0.09
0
0.13
0.07
0.09
0.01
0
0.07
0.12
0
0
0.07
0.13
0
0.11
0.01
0.11
0.11
0.06
0.1
0.13
0.03
0.13
0.13
0.1
0
0.06
0.08
0.07
0.07
0.11
0
0
0.11
0
0
0.01
0.07
0.13
0.1
0.09
0.11
0
0.07
0.07
0.13
0
0
0.11
0.1
0.07
0.08
0.08
0.13
0.11
0.13
0.07
0.13
0.11
0.11
0.07
0.08
0
0.08
0
0
0.13
0.07
0
0.08
0.07
0.11
0
0.11
0
0.03
0.07
0.11
0.1
0.07
0.07
0
0.11
0.06
0
0.08
0
0.08
0.13
0
0.11
0.11
0.11
0.11
0.11
0.08
0.11
0
0.13
0.07
0
0.02
0.11
0
0.13
0.08
0.07
0.1
0.08
0
0.13
0.13
0.12
0
0.1
0.12
0.12
0.07
0.08
0.1
0
0.1
0
0
0.08
0.1
0
0.11
0.11
0.08
0
0.08
0.1
0.1
0.11
0
0.08
0.13
0.1
0.1
0.13
0.08
0.08
0.1
0.13
0.09
0.08
0.1
0
0.06
0
0.13
0.1
0.13
0.08
0.12
0.1
0.04
0.12
0
0
0.07
0
0
0
0.08
0.12
0
0.13
0
0
0
0.11
0.11
0.1
0.11
0.07
0
0.13
0.07
0
0
0
0.13
0.13
0.03
0.12
0.13
0.12
0.04
0.13
0.11
0.1
0.12
0.12
0.03
0
0.13
0.09
0
0.07
0.09
0.11
0
0
0.1
0.11
0.12
0.13
0.11
0
0.09
0.08
0.11
0
0
0.13
0.1
0.13
0.09
0.13
0.13
0.11
0.08
0
0.07
0.1
0.11
0.01
0.12
0.1
0
0.07
0.08
0.13
0.11
0.1
0
0.1
0.07
0.08
0.12
0.03
0
0.09
0.11
0.12
0.08
0.08
0.1
0.13
0.13
0.02
0.04
0.1
0.11
0.11
0.11
0.07
0.1
0.08
0.13
0.1
0.1
0
0
0.12
0.13
0.13
0.08
0.1
0
0.07
0
0.1
0
0
0.07
0.07
0
0.12
0.11
0.12
0.1
0.12
0.07
0.06
0
0.07
0
0.1
0
0.1
0.07
0.12
0.11
0
0.13
0.12
0.07
0.04
0.1
0
0.07
0
0.07
0.1
0.1
0.09
0
0.08
0.12
0.07
0.12
0.12
0.07
0.07
0.12
0.07
0.12
0.12
0.08
0.07
0
0.07
0.07
0.09
0.11
0.07
0.1
0.07
0.1
0.02
0.06
0.07
0.12
0.06
0.12
0.1
0.12
0.12
0.1
0
0.12
0.07
0.08
0.1
0.07
0.1
0.12
0
0
0
0
0.09
0
0
0.08
0.1
0.07
0.08
0
0.11
0.08
0.12
0.1
0.06
0.01
0.11
0.06
0.12
0.07
0.12
0
0.09
0.06
0.09
0
0
0
0.08
0
0.12
0.12
0
0
0.01
0.03
0.12
0.03
0.06
0.07
0.09
0
0.1
0.04
0
0.1
0.12
0.05
0
0.08
0.1
0.1
0.08
0.12
0.12
0.07
0.12
0.12
0.1
0.1
0.06
0.06
0.07
0
0
0.07
0
0.12
0.06
0.01
0.12
0.06
0.1
0.1
0.12
0.08
0.09
0.06
0.12
0.04
0
0.09
0.12
0.1
0.12
0.1
0.1
0.1
0.1
0.11
0.12
0.09
0.06
0.07
0.06
0
0.09
0
0.03
0.1
0.06
0.03
0.12
0.03
0
0.12
0.12
0.1
0
0
0.1
0.08
0.12
0.12
0.06
0.09
0.12
0.12
0.11
0
0.06
0
0.1
0
0.06
0
0
0.09
0.06
0.1
0.12
0.08
0
0
0
0.09
0.07
0.1
0.06
0.1
0.11
0.07
0
0.08
0.12
0.1
0.1
0.11
0
0.1
0
0
0.11
0.06
0.09
0.04
0.08
0.06
0.06
0.11
0.07
0
0.1
0.02
0.11
0.06
0.1
0.1
0
0.11
0.1
0.1
0.07
0.06
0
0
0.12
0.1
0.05
0.09
0.09
0.12
0.09
0.09
0.11
0.12
0.06
0.09
0.06
0.1
0.07
0.1
0.07
0.07
0
0
0.09
0.07
0.06
0.1
0.12
0.07
0.12
0.07
0
0
0.07
0.11
0.09
0.11
0.08
0.12
0.05
0.12
0
0.11
0
0.12
0.09
0
0.12
0.09
0.1
0.03
0.04
0.04
0.1
0
0.09
0
0.09
0.06
0.1
0.08
0.09
0
0.09
0.12
0.1
0.07
0.06
0
0.11
0.07
0.09
0.09
0
0
0.11
0.07
0.07
0.07
0.09
0
0.12
0.11
0
0.11
0
0
0.07
0.11
0.1
0.06
0.1
0.11
0
0.03
0.06
0
0
0.11
0.11
0
0.07
0
0.12
0.09
0
0
0
0.09
0.06
0
0.11
0
0.1
0.05
0
0.06
0.12
0
0.09
0.06
0
0.12
0.03
0.12
0.03
0
0.05
0.05
0.07
0.07
0
0
0.11
0
0.04
0.11
0.06
0.05
0.07
0.05
0
0.09
0.06
0.06
0.09
0.11
0.07
0
0
0
0
0.07
0.11
0.11
0.06
0.09
0.11
0.11
0.11
0.04
0.1
0.11
0
0
0
0.11
0.1
0.02
0.09
0
0.06
0.09
0.05
0
0.07
0
0.11
0.06
0
0.09
0.06
0
0
0.06
0.07
0.06
0.11
0
0.11
0.03
0.1
0.07
0
0
0
0.1
0.11
0.03
0.09
0.11
0
0.09
0.11
0.06
0
0.11
0.08
0.09
0.11
0
0.01
0.07
0.11
0
0.08
0.1
0.11
0.09
0
0
0.09
0
0.11
0.11
0
0.11
0.08
0.09
0.09
0.11
0.1
0.1
0
0.09
0.11
0.09
0.11
0.06
0.1
0.06
0.08
0.09
0.11
0.11
0.09
0.11
0.08
0.11
0.08
0
0.07
0.11
0
0.06
0.07
0
0.07
0
0
0.06
0.06
0.09
0
0.11
0.06
0.08
0.11
0.1
0.09
0
0.1
0.09
0.06
0.08
0.11
0.09
0.09
0.11
0
0.11
0.03
0.11
0.09
0.11
0
0.08
0.06
0.11
0.09
0.07
0.09
0.03
0.11
0.11
0.09
0.11
0.06
0.09
0
0.07
0.06
0.09
0
0.04
0.11
0
0.07
0.08
0.1
0.08
0.1
0.01
0
0.02
0.09
0.02
0
0
0.08
0.11
0
0.08
0
0
0.06
0.07
0.11
0.09
0.09
0.01
0.11
0.02
0
0
0.11
0
0.1
0.02
0.08
0.11
0.11
0.06
0
0.09
0.08
0.07
0
0.08
0.11
0
0.06
0.06
0.1
0.05
0.09
0.07
0.06
0.02
0.09
0
0
0
0.09
0
0.06
0.11
0.07
0.07
0.11
0.06
0.08
0
0.06
0.1
0.09
0
0.06
0.06
0.09
0.09
0.07
0.09
0
0.07
0.09
0
0
0.06
0.11
0.07
0
0
0
0
0.09
0.11
0.1
0
0
0.09
0.02
0.09
0
0.05
0.11
0.11
0.02
0.09
0.11
0.08
0.11
0
0
0.08
0.11
0.09
0.09
0
0
0.09
0.06
0.09
0.06
0.06
0.11
0.08
0.09
0.11
0.1
0
0
0.05
0.09
0.08
0
0.08
0
0.08
0
0.08
0.1
0.06
0.08
0.11
0.11
0.11
0.09
0.09
0
0.06
0.09
0.03
0
0
0.06
0.08
0.06
0.1
0.06
0.1
0.08
0.11
0.06
0.08
0
0
0
0.06
0.08
0.11
0
0
0.06
0.1
0.1
0.1
0.1
0.06
0.06
0.06
0.11
0
0.08
0.08
0.1
0
0.08
0.09
0.09
0.06
0
0.09
0.1
0.06
0
0.06
0.07
0.08
0
0.05
0.08
0
0
0.08
0.06
0.11
0
0.1
0.07
0.09
0.06
0.08
0
0
0.1
0.1
0
0
0.1
0.02
0
0.11
0.08
0.04
0.11
0.03
0.1
0.1
0.08
0.1
0.09
0
0
0.09
0.07
0.05
0.05
0.06
0
0.05
0.07
0
0.08
0.08
0.1
0.08
0.09
0.08
0
0.1
0.07
0.04
0.05
0
0.07
0
0
0.05
0.1
0
0.08
0.08
0
0.09
0.09
0
0.1
0.1
0.08
0
0.1
0.08
0.08
0.05
0
0.09
0.1
0.09
0
0.08
0.1
0
0.1
0.09
0.08
0.05
0.08
0
0.02
0.06
0.06
0.05
0.07
0.09
0.08
0.1
0.08
0.05
0.08
0.05
0.09
0.11
0.08
0
0
0.09
0.08
0.04
0.1
0.07
0.1
0.07
0.05
0.05
0
0.1
0
0.07
0
0.09
0.1
0.08
0.1
0.09
0.07
0.03
0.05
0
0.06
0.09
0.09
0.09
0.09
0.09
0.09
0.09
0.09
0
0.1
0.05
0.07
0.07
0
0.05
0
0
0.05
0
0
0.03
0.05
0.08
0.09
0.06
0.1
0
0.09
0.05
0.07
0.05
0
0
0.1
0.1
0.05
0.1
0.08
0.08
0.08
0.06
0.06
0
0
0.08
0.1
0.08
0.1
0
0
0.02
0.1
0
0.08
0.1
0.06
0
0.1
0
0.1
0.08
0.05
0.09
0.05
0.05
0
0.08
0
0.08
0.08
0.08
0.08
0.08
0.1
0.05
0.1
0.09
0.08
0.05
0.01
0.09
0
0.08
0.05
0.1
0.08
0.09
0
0.1
0.1
0.06
0.08
0.08
0
0.03
0
0.06
0.1
0.06
0.06
0
0.1
0
0.05
0
0.08
0
0.06
0.1
0.06
0.06
0.1
0.1
0.06
0
0
0.1
0.07
0.1
0.1
0
0.1
0.01
0.1
0.08
0
0.09
0.1
0.1
0.05
0.08
0
0.08
0.06
0
0
0
0.08
0.06
0.1
0.05
0
0
0
0
0.1
0.1
0.04
0.08
0.1
0.1
0.1
0.07
0
0.05
0
0.08
0.06
0.06
0
0.09
0.08
0.01
0.06
0
0
0.08
0.05
0
0.1
0
0.07
0
0.1
0.08
0.06
0.06
0
0.04
0
0.1
0
0.06
0
0.06
0.1
0.08
0.1
0.03
0
0
0
0
0.06
0
0.08
0
0.05
0.08
0.06
0
0.09
0
0.1
0
0
0.05
0.07
0
0.1
0.1
0.09
0.09
0.05
0
0
0.08
0.02
0
0
0.09
0.1
0
0.08
0.05
0
0.08
0.08
0.08
0.08
0
0.05
0
0
0
0.07
0.1
0.02
0.05
0.05
0
0.09
0.1
0.09
0.05
0.08
0
0.08
0.1
0.09
0.05
0.06
0.05
0
0.1
0
0.1
0
0
0.09
0.1
0.1
0.1
0.05
0.1
0
0
0
0.09
0.05
0.07
0
0.06
0.02
0.1
0.08
0.02
0.09
0
0.06
0.09
0
0.07
0.02
0.07
0.05
0
0.09
0.1
0.09
0.09
0.04
0.08
0.08
0.05
0.06
0
0
0.06
0
0.08
0.09
0.1
0
0
0.1
0
0.08
0.07
0
0.08
0.04
0
0
0.09
0.06
0.08
0.08
0.09
0.09
0
0.06
0
0.05
0.1
0.09
0.08
0
0
0.08
0
0.06
0
0.09
0.09
0
0.05
0.05
0.06
0.04
0.03
0.08
0
0.09
0.05
0.09
0.09
0
0.08
0.09
0.07
0.08
0
0.08
0.05
0
0.05
0.05
0.08
0.08
0.02
0
0.09
0.03
0.08
0.07
0.05
0.06
0.09
0.08
0
0.08
0
0
0.08
0
0.07
0.06
0.06
0.06
0.07
0.09
0.09
0.04
0.09
0.05
0
0
0.09
0
0
0.07
0.09
0.05
0.08
0.09
0.07
0.09
0
0.08
0.08
0.05
0
0.06
0.09
0.03
0.08
0.08
0.09
0.08
0
0.05
0.09
0
0.08
0.08
0.08
0.05
0.08
0.08
0.08
0
0.08
0.09
0.08
0.08
0.06
0.08
0
0.07
0.09
0
0.08
0.06
0.07
0.05
0.09
0
0.09
0.05
0.06
0.07
0.06
0.06
0.01
0.07
0.07
0.07
0
0
0.07
0.09
0
0.07
0.07
0
0
0
0
0.06
0.08
0.07
0
0.05
0
0.04
0.08
0.07
0
0
0
0.07
0.09
0.06
0.08
0.01
0.08
0.07
0.07
0
0.07
0
0
0.09
0.06
0.09
0.04
0
0.08
0
0.09
0.05
0
0.03
0.07
0
0.09
0.05
0.07
0
0.09
0.08
0.08
0
0
0.09
0.05
0
0.05
0.05
0
0.09
0.05
0.09
0.08
0
0.09
0
0.08
0.07
0.05
0.06
0.05
0.1
0.05
0.02
0.05
0.06
0
0.09
0
0
0.07
0.05
0.09
0.09
0.07
0.09
0
0
0.02
0.01
0
0.09
0.09
0.09
0.08
0.09
0.09
0.07
0.05
0.09
0.09
0.05
0.05
0
0
0
0.09
0.07
0
0.05
0.06
0
0.05
0.09
0.09
0
0
0.09
0
0.04
0.07
0.07
0
0.05
0.09
0.08
0.09
0
0.09
0
0
0.08
0.07
0.09
0.08
0.07
0.08
0.01
0.07
0
0.05
0.09
0.05
0
0.07
0.07
0.06
0.09
0.01
0.05
0
0.07
0
0
0
0.09
0.05
0
0.07
0
0
0
0.09
0.09
0.07
0
0.05
0.09
0
0.05
0
0.07
0.07
0
0.08
0.07
0
0.07
0
0.07
0
0.07
0.05
0.02
0.04
0
0.07
0
0
0
0.05
0.09
0.05
0.05
0
0.05
0.08
0.02
0.09
0.08
0.07
0.09
0.09
0.05
0.07
0.05
0.05
0.05
0.06
0.08
0
0.07
0.07
0
0.02
0
0.09
0.05
0.08
0
0.08
0
0.05
0
0.05
0
0.09
0.07
0.07
0
0.05
0.07
0.05
0.07
0.05
0.09
0.01
0.05
0
0.05
0.07
0.09
0.07
0.07
0.02
0
0.09
0.07
0.08
0
0.05
0
0
0
0.05
0.09
0.08
0
0.07
0
0.09
0.07
0.05
0.06
0.05
0.01
0.08
0.07
0.07
0.07
0.06
0
0
0.07
0.05
0.08
0.08
0.07
0.09
0.02
0.08
0.08
0.01
0.08
0.09
0.07
0
0.03
0
0
0.08
0.05
0.08
0.06
0.05
0.07
0.08
0.08
0.09
0
0.07
0.07
0
0.07
0.04
0.08
0.04
0.09
0.04
0.06
0.05
0.08
0.06
0.05
0.05
0.04
0.05
0
0.07
0.07
0
0
0.09
0
0
0.06
0.06
0
0.07
0
0.05
0.09
0.04
0
0.07
0.09
0
0
0.02
0.07
0.08
0.04
0.01
0.08
0.09
0.08
0.08
0.06
0.04
0.07
0.05
0.08
0
0
0
0.08
0.05
0.08
0.08
0
0.07
0.08
0.06
0
0.05
0
0.06
0.04
0.06
0
0.01
0
0.08
0.04
0.06
0
0.01
0.07
0
0.03
0.07
0.07
0.07
0
0.08
0
0.05
0.06
0.01
0.08
0.05
0
0.08
0
0.07
0
0
0
0
0.07
0.07
0
0
0
0.04
0
0.08
0.02
0.05
0
0.08
0.03
0
0.07
0
0.08
0
0.08
0
0
0.04
0.04
0.02
0
0.08
0
0
0.08
0
0.04
0.08
0.06
0
0.08
0
0.08
0
0.07
0.06
0
0.06
0.08
0
0.08
0.08
0
0
0.08
0
0.07
0.07
0.07
0.08
0.07
0.07
0.04
0
0.05
0.08
0
0.06
0
0.08
0.07
0.07
0.05
0.07
0.04
0.08
0
0.08
0.07
0.01
0.08
0.07
0.08
0.08
0.08
0.01
0.02
0
0.08
0.04
0
0.08
0.08
0.07
0.04
0.08
0.07
0.01
0.07
0.07
0.07
0
0.06
0.06
0.04
0.07
0.04
0
0.05
0.07
0.08
0.08
0.08
0
0.04
0
0.06
0.03
0.05
0.04
0.06
0.07
0.03
0
0.07
0.03
0.05
0.04
0
0
0
0.05
0.08
0.06
0
0.08
0.08
0.05
0.06
0.06
0.06
0
0
0.06
0.08
0.06
0.08
0.04
0.02
0
0
0
0.07
0
0
0.06
0.03
0.05
0.07
0.04
0.07
0.08
0.06
0
0.08
0.05
0.05
0
0.04
0.07
0.08
0
0.08
0.05
0.08
0
0.05
0.04
0
0.04
0.03
0
0.08
0
0.04
0.05
0.06
0.04
0
0.07
0.03
0
0.06
0
0.04
0.07
0.04
0.07
0
0.08
0
0.07
0
0.03
0
0
0.05
0.07
0
0.04
0
0.06
0.03
0.08
0.08
0.08
0
0.08
0.08
0.05
0
0
0.03
0.08
0
0.06
0.07
0
0.08
0.06
0
0
0.08
0.07
0.06
0.06
0.02
0.05
0.08
0.02
0.05
0.06
0.07
0.04
0.04
0.04
0
0.08
0.07
0.02
0.04
0.06
0
0.07
0.05
0.08
0.06
0.06
0.04
0.06
0.08
0.04
0.08
0.04
0.06
0.07
0
0.05
0.06
0
0
0
0.08
0.05
0
0.06
0.04
0.08
0
0.06
0
0.03
0.06
0.06
0
0.08
0.05
0.06
0
0.06
0.06
0.06
0.06
0.04
0.05
0.04
0.08
0
0.05
0.05
0
0.08
0
0.05
0.04
0
0.06
0.05
0
0.04
0.08
0.01
0.05
0.04
0.08
0.08
0.02
0.05
0
0.04
0.07
0
0.05
0
0
0.08
0
0
0.04
0.08
0
0.07
0.06
0
0
0.06
0
0.06
0
0.06
0.04
0
0.08
0.07
0
0.07
0
0.04
0
0.06
0.04
0.06
0
0
0.07
0.06
0.07
0
0.06
0
0.07
0.05
0.03
0
0.01
0.07
0
0
0.06
0
0.08
0.08
0
0.07
0.06
0.06
0
0.07
0
0.04
0.06
0.06
0.07
0.07
0.07
0
0.06
0.06
0
0.04
0
0.03
0
0
0.08
0
0.07
0.04
0.04
0.07
0.07
0
0.06
0
0.07
0.01
0.06
0.06
0
0.07
0.05
0.03
0
0
0.06
0.06
0.07
0.06
0.07
0.06
0.06
0.02
0
0.04
0
0.07
0.04
0.06
0.06
0.06
0.06
0.08
0
0
0.05
0.04
0
0
0
0.07
0.04
0.06
0.05
0.06
0
0.07
0.04
0
0
0.07
0.07
0.01
0
0
0
0.06
0
0.06
0.01
0.02
0
0.07
0.05
0
0
0.06
0.03
0.04
0.02
0.04
0.07
0.06
0.06
0
0
0.03
0
0.06
0.07
0
0
0.06
0.07
0.04
0.07
0.07
0.06
0.06
0.07
0.03
0.07
0.06
0.06
0.06
0.06
0.07
0
0
0.07
0.07
0.06
0.03
0.07
0.06
0.06
0.07
0.07
0.04
0.06
0
0.07
0.06
0
0.03
0.07
0
0.04
0
0
0.07
0.01
0.07
0.04
0.06
0.04
0
0
0.06
0
0.02
0.06
0.07
0
0.04
0.07
0.07
0
0.04
0.05
0.05
0.07
0.06
0
0
0
0.06
0.06
0.07
0
0.04
0.06
0
0
0.07
0.07
0.04
0.07
0
0
0
0.07
0.06
0
0.04
0.06
0.04
0
0.06
0
0.07
0
0
0.06
0.04
0.07
0
0.07
0
0.07
0
0.06
0
0
0.06
0
0.07
0.04
0
0
0.07
0.06
0.06
0.06
0
0.06
0.07
0
0.04
0.04
0
0
0
0.06
0
0.04
0.06
0.05
0.07
0.04
0
0
0.07
0.04
0.07
0.04
0
0
0.01
0.07
0
0.07
0
0.07
0.07
0.01
0.07
0.05
0.06
0.07
0.07
0.07
0.04
0.06
0.06
0
0
0.05
0
0.04
0
0
0
0
0.05
0
0
0.07
0.05
0.06
0.06
0
0
0
0.05
0.07
0.07
0
0.07
0.01
0
0.06
0.03
0.07
0.06
0.06
0.07
0.07
0
0
0.07
0.06
0
0
0.07
0
0.07
0
0
0.04
0
0.07
0.06
0
0
0
0
0.06
0.04
0.07
0
0
0
0.04
0
0
0.04
0
0.07
0
0.06
0.07
0
0
0
0.05
0.07
0.05
0.04
0.04
0
0
0
0
0.04
0.07
0.06
0.06
0.02
0
0.04
0.07
0
0
0
0
0
0
0.07
0.03
0.07
0
0.07
0.05
0
0
0
0
0.06
0
0.07
0
0.05
0.05
0.03
0.05
0.01
0.04
0.04
0
0.05
0.05
0
0
0.04
0.03
0
0.05
0.06
0
0.04
0.07
0
0.07
0.04
0.07
0.07
0.07
0.04
0.06
0.05
0.05
0
0
0.04
0
0
0.05
0.02
0
0.04
0.04
0.04
0
0.05
0.05
0
0.07
0.04
0
0
0.04
0.07
0.07
0
0
0
0.07
0
0.07
0.07
0.07
0.07
0.05
0.05
0.05
0.06
0
0.05
0
0.04
0
0.05
0.07
0.04
0
0.05
0
0.04
0
0.05
0.07
0
0.06
0
0.05
0
0.07
0.04
0.04
0
0
0.06
0
0.07
0.02
0.01
0
0
0.05
0
0
0.02
0.05
0.05
0.05
0.06
0
0.07
0.05
0
0.07
0.06
0.03
0.03
0.04
0.01
0.01
0.05
0.04
0.05
0.04
0
0
0.03
0.07
0
0.03
0
0.03
0
0
0
0.05
0.07
0.07
0
0.05
0.07
0.07
0.07
0.06
0
0.07
0.01
0.05
0.03
0.05
0
0.05
0
0
0.06
0.07
0.06
0
0.06
0.04
0.04
0
0
0.05
0
0.03
0.03
0.04
0
0.03
0.07
0
0.05
0
0
0.05
0.05
0
0.03
0.01
0
0.05
0
0.06
0.06
0.05
0.06
0.04
0
0.06
0.06
0.05
0
0.01
0
0
0.05
0.06
0.05
0
0
0.01
0.05
0.06
0
0.05
0
0.03
0.05
0.04
0.07
0.06
0
0.06
0.01
0
0
0.05
0.06
0.06
0
0.03
0
0.06
0
0
0
0.06
0.06
0.06
0.06
0.04
0.05
0.06
0.06
0.04
0
0.05
0.03
0.06
0.06
0.03
0
0.03
0.03
0.06
0.06
0.03
0.01
0.04
0
0.05
0.05
0.04
0
0.04
0.05
0.05
0
0.05
0.04
0
0.04
0
0
0.02
0.05
0
0
0.05
0
0
0
0.04
0
0.06
0.06
0.04
0.06
0.03
0
0.06
0
0
0
0.04
0
0
0.03
0.03
0.04
0
0.05
0.05
0.03
0.03
0.01
0.05
0
0
0
0
0
0
0.05
0
0.04
0
0.05
0
0
0
0.05
0
0.06
0.02
0.04
0
0.04
0.05
0.06
0.05
0.03
0
0
0
0.06
0.04
0.01
0.06
0.03
0.06
0.06
0.06
0
0.05
0.06
0.06
0.05
0
0
0
0.06
0.05
0.06
0.03
0.05
0.05
0.06
0.02
0.05
0.03
0.05
0.05
0
0.03
0.05
0.01
0.06
0.05
0
0.06
0.03
0
0.05
0
0
0.05
0.06
0
0.05
0.06
0.05
0.04
0.04
0.06
0
0
0.05
0
0.04
0.06
0.04
0
0.05
0
0.05
0.06
0.06
0.03
0.06
0.04
0.05
0
0
0
0.03
0
0
0.02
0.05
0.05
0.06
0.06
0.06
0.06
0
0
0
0.05
0.06
0
0.04
0
0.06
0.03
0.04
0.06
0
0
0
0.06
0.05
0.06
0.04
0.06
0.05
0.05
0
0
0.05
0.05
0.03
0
0.06
0.06
0.02
0
0.05
0.06
0.06
0
0.04
0.05
0.04
0
0
0
0.05
0
0
0.06
0.05
0.06
0.06
0.05
0.03
0.05
0.05
0
0.05
0.05
0.04
0.06
0.06
0.04
0.02
0.04
0.05
0.05
0.06
0
0.05
0
0
0.03
0.05
0.06
0
0.06
0.06
0.05
0
0.05
0.05
0.06
0.06
0.06
0
0
0.06
0
0.03
0.06
0
0
0.03
0.06
0
0
0
0.06
0
0.04
0.05
0.06
0
0
0
0
0
0.06
0
0
0
0.03
0.05
0
0.03
0
0.06
0.05
0
0
0
0.05
0
0.06
0.02
0.04
0.05
0.06
0.06
0.05
0
0.03
0
0
0
0
0.06
0
0.05
0
0.03
0.05
0.03
0.03
0.04
0.05
0.01
0.06
0
0
0.05
0.05
0.04
0.04
0
0
0
0
0.01
0.06
0
0
0.06
0.06
0.03
0.06
0.03
0.04
0.06
0
0.04
0
0
0
0.06
0.05
0
0.05
0.06
0.04
0.03
0.01
0.05
0
0.06
0.05
0.05
0
0.03
0.03
0.06
0.06
0
0.03
0
0.05
0
0
0.05
0.04
0.01
0
0.03
0
0
0.03
0
0.06
0
0
0
0.03
0
0
0
0.03
0.03
0.03
0
0
0.05
0.05
0.03
0.03
0.04
0.05
0.06
0
0.03
0
0.04
0.04
0.04
0.05
0
0
0.04
0
0
0
0
0.05
0.06
0.06
0.06
0
0
0.06
0.03
0
0
0
0.05
0.05
0.06
0
0.05
0.05
0.05
0.05
0.03
0
0.06
0
0
0
0.05
0.04
0.06
0.05
0.05
0.06
0
0
0.05
0
0.04
0.04
0.05
0.04
0.05
0.06
0
0.03
0
0
0.01
0
0.05
0.05
0.06
0
0
0.05
0
0
0.03
0
0.03
0.06
0
0
0.05
0.05
0.05
0.05
0.05
0.05
0.05
0
0.05
0.05
0.05
0.05
0.05
0.06
0
0.05
0
0.04
0.04
0.01
0.05
0.06
0
0.04
0.06
0.06
0
0.03
0.06
0.03
0.04
0.03
0.06
0.05
0
0
0
0.03
0.06
0.03
0.03
0.03
0.04
0.04
0.04
0
0
0
0
0.06
0.06
0.06
0.03
0.06
0.05
0.04
0
0
0
0
0.06
0.05
0
0.04
0
0.04
0
0.05
0.02
0
0
0.05
0
0.03
0
0.02
0.05
0.05
0.06
0.05
0
0.03
0.04
0.05
0.05
0.04
0.05
0
0
0.05
0
0.03
0
0
0.03
0
0.04
0.05
0
0.05
0.04
0
0.05
0.03
0
0.05
0
0.03
0
0.05
0.06
0.05
0
0
0.03
0
0.03
0.05
0.01
0.04
0.04
0
0.05
0
0
0.03
0.05
0
0.03
0.03
0
0
0.06
0
0.02
0.05
0.04
0.05
0.04
0
0
0.03
0.04
0.05
0
0
0
0.05
0
0.05
0.03
0
0
0.04
0
0
0.05
0.03
0
0
0
0.04
0.05
0.03
0.03
0.05
0
0.05
0.01
0.04
0.04
0.05
0.05
0.04
0.03
0
0
0.06
0.05
0
0.01
0
0.05
0.04
0
0.01
0
0.05
0
0.04
0
0.03
0
0.03
0.04
0.03
0
0
0.03
0
0.05
0.04
0
0.05
0
0
0.04
0
0.04
0
0
0.05
0.01
0
0
0
0.03
0
0.03
0.03
0.04
0.02
0
0.04
0.04
0.03
0
0.04
0
0
0.05
0
0
0.05
0.05
0
0.03
0.03
0
0.04
0.01
0
0.03
0
0.04
0.04
0
0.03
0.04
0.05
0
0.02
0
0.05
0.03
0.05
0
0
0
0
0.03
0
0
0
0.05
0.05
0
0
0
0.04
0.03
0
0
0.03
0.04
0
0.05
0.04
0
0
0.04
0
0.05
0
0.03
0
0.03
0.05
0
0.05
0
0.04
0.03
0.05
0.04
0.03
0
0.04
0.02
0
0.03
0
0.04
0.04
0
0.03
0.04
0.05
0.04
0.04
0
0.03
0
0.05
0.05
0.05
0.03
0.03
0
0
0
0.05
0
0.04
0.04
0
0.05
0.03
0.04
0.05
0.04
0
0
0.04
0.04
0
0.02
0.03
0.05
0.03
0.03
0
0
0.04
0
0.04
0
0.01
0
0
0.03
0.02
0.04
0
0.05
0.01
0
0.04
0.04
0.03
0.05
0.04
0
0.05
0.04
0.04
0
0.05
0.04
0.04
0
0
0.03
0.03
0.04
0.05
0
0.04
0.03
0.03
0.05
0
0.03
0.05
0.04
0.05
0.05
0
0
0.04
0.04
0.05
0
0
0.04
0
0.04
0
0.04
0
0
0
0.03
0
0.05
0.05
0
0.04
0.05
0
0
0.03
0
0
0
0.03
0
0.05
0
0.04
0.03
0
0.05
0
0.03
0.04
0.01
0
0
0
0.03
0
0
0.03
0
0
0
0.04
0
0.03
0.04
0
0.03
0
0.04
0
0.04
0
0
0.04
0
0.05
0
0.05
0.05
0.03
0
0.05
0
0.05
0.01
0.05
0.03
0.05
0
0.02
0.03
0
0.04
0.05
0
0
0.04
0
0.03
0.05
0
0.05
0
0.05
0.04
0.03
0.04
0
0.04
0.04
0.05
0
0.04
0.05
0.05
0.04
0.04
0.04
0.05
0
0.03
0.04
0.03
0.05
0.02
0.05
0.05
0.05
0.03
0
0.03
0
0
0.02
0.05
0
0.05
0.03
0
0.03
0
0
0
0.01
0
0
0.04
0.04
0
0
0.03
0
0
0.05
0
0.05
0.02
0
0
0
0.04
0.05
0.03
0.01
0
0
0.02
0.05
0.04
0
0
0.05
0
0.04
0
0
0.03
0.01
0.05
0.02
0.03
0.05
0.05
0.05
0
0.03
0.03
0
0
0.05
0
0.05
0.03
0
0.05
0
0
0.04
0.04
0
0
0
0
0.05
0
0
0.05
0.04
0.03
0
0.04
0
0
0
0
0.01
0.02
0
0.04
0.05
0.01
0.04
0
0
0.04
0
0.04
0.04
0
0.02
0.04
0
0.04
0.04
0.04
0.04
0.04
0
0
0
0.04
0
0
0
0.02
0.03
0
0
0
0.04
0.04
0
0.05
0.04
0
0
0.05
0.04
0
0.01
0
0
0
0
0.03
0.05
0.04
0
0.03
0
0.04
0
0.05
0.03
0.05
0
0
0.02
0
0.04
0.04
0
0
0.04
0
0
0.02
0
0
0
0
0
0.04
0.05
0.02
0.03
0
0
0.02
0.02
0.02
0.01
0
0.05
0.04
0.04
0
0
0
0.02
0
0.04
0.03
0
0.04
0
0.04
0.05
0.03
0.02
0.03
0.03
0
0
0
0
0.05
0.03
0.05
0.02
0.03
0.02
0.04
0
0
0.03
0
0.04
0
0
0.02
0
0.03
0.04
0.04
0
0
0.03
0
0
0
0.04
0.03
0.04
0.02
0
0.02
0.03
0
0
0.01
0
0
0
0.04
0
0.02
0.04
0.03
0.04
0
0.03
0.04
0
0
0
0.04
0.03
0.04
0.04
0
0
0.02
0.04
0.04
0.04
0.04
0
0
0
0.03
0
0.03
0
0
0
0.04
0
0
0.04
0.03
0.01
0
0
0.04
0
0.04
0.01
0.04
0.04
0
0
0.03
0.04
0.04
0.03
0
0.04
0
0
0.04
0
0.04
0.04
0
0.03
0
0.02
0.03
0.04
0.04
0
0
0.04
0
0.03
0
0
0
0.04
0.04
0
0.04
0.04
0.01
0.04
0
0.04
0.04
0
0
0.03
0.03
0.04
0.04
0.03
0
0
0
0.03
0
0
0
0.04
0.04
0.04
0.04
0.03
0.04
0
0.03
0.04
0.04
0.04
0
0.04
0.04
0.04
0
0.03
0.04
0
0.03
0
0
0
0.02
0.04
0
0.04
0.02
0.04
0.04
0.03
0
0
0
0.04
0.04
0
0.03
0.04
0.03
0.04
0.04
0.04
0.04
0.04
0
0
0.03
0
0.03
0.04
0.04
0.04
0
0
0
0.04
0.04
0
0
0
0.03
0.04
0.01
0
0
0
0.03
0
0.04
0.03
0
0
0
0.03
0.04
0
0.03
0.03
0
0.03
0.04
0
0
0.03
0
0.04
0
0.03
0.04
0
0
0.04
0
0
0.03
0
0.03
0
0
0.03
0.04
0
0.03
0
0
0.03
0
0.02
0
0.03
0
0.04
0.04
0.04
0
0
0
0.02
0.04
0
0
0
0.04
0.04
0.02
0
0
0
0
0
0.03
0
0.03
0.02
0.02
0.04
0.04
0
0.04
0
0
0.04
0.03
0
0.02
0.01
0.02
0
0
0.03
0
0.04
0
0
0
0
0.03
0.03
0
0.04
0
0.04
0.03
0
0
0
0.03
0
0.02
0
0
0.04
0.04
0.04
0.04
0
0
0.03
0
0
0
0
0.03
0.02
0.02
0.04
0.03
0
0
0.04
0.03
0.04
0.04
0
0
0.03
0.03
0.03
0.04
0
0.02
0
0
0.03
0.04
0.04
0.03
0.01
0.03
0
0
0.04
0
0
0
0
0
0
0.01
0
0
0
0
0
0
0
0.02
0.03
0.03
0.02
0.04
0.02
0
0
0.03
0
0
0
0
0
0.02
0
0.03
0.02
0
0.04
0.04
0.03
0.04
0
0.04
0.02
0
0
0
0.04
0.03
0.03
0
0.02
0
0
0.04
0
0.03
0.04
0
0
0.04
0.02
0
0
0.01
0
0.03
0.03
0
0.03
0.01
0
0
0.04
0.03
0.04
0
0
0
0.01
0
0
0.04
0.04
0
0.03
0.01
0
0
0.04
0
0
0.03
0
0.03
0
0.04
0
0.02
0.03
0
0.03
0
0
0.04
0
0
0.04
0
0.04
0
0.04
0
0
0
0.02
0
0.04
0
0.04
0
0
0.03
0.01
0.01
0
0.04
0
0
0.01
0
0.04
0.02
0
0
0.04
0.03
0.03
0
0
0.01
0.04
0.02
0
0
0.03
0
0.03
0
0.03
0.01
0.01
0.02
0
0.04
0.02
0.04
0
0.04
0
0
0.03
0.03
0
0
0
0.02
0.04
0
0
0
0.03
0
0
0.03
0
0.04
0
0
0.04
0
0.03
0
0
0.03
0.04
0
0.03
0.03
0.03
0.03
0.03
0.03
0
0
0.03
0
0.01
0.03
0
0
0.03
0.04
0.02
0.04
0.04
0
0
0
0
0.04
0.03
0
0
0.02
0
0
0
0
0
0
0.03
0.04
0
0.02
0.04
0
0.03
0.02
0
0
0.03
0
0.03
0.04
0
0
0
0
0
0
0.03
0
0.03
0
0.04
0.03
0
0.04
0
0
0.03
0
0
0
0
0
0.02
0.04
0.03
0
0
0
0.02
0.02
0
0.04
0.03
0
0
0.04
0.02
0.02
0.01
0
0.02
0.03
0.04
0
0
0
0.01
0
0.03
0
0
0
0.02
0
0
0.03
0.02
0.02
0
0.02
0.02
0.01
0.01
0.01
0.03
0.01
0
0
0.02
0.01
0.03
0.03
0.02
0
0.03
0
0
0
0.03
0.02
0
0
0
0
0.03
0
0
0
0.03
0.04
0.04
0.02
0
0.04
0
0
0
0.01
0.01
0
0
0.03
0.03
0
0
0
0.02
0
0.04
0.02
0.04
0
0.02
0.02
0
0
0.02
0
0
0.02
0.02
0.04
0.02
0
0
0.02
0.03
0
0.02
0
0.03
0.03
0.02
0
0.03
0
0
0.02
0
0.03
0
0
0
0
0
0
0.03
0.03
0.03
0
0
0
0.03
0
0.03
0.03
0.03
0.03
0.02
0
0
0.03
0.03
0.03
0.03
0
0.01
0
0.03
0.02
0.03
0
0.02
0.03
0
0
0
0.03
0.03
0
0
0.03
0.03
0
0
0
0.02
0
0.02
0
0
0
0.03
0
0
0
0
0.03
0.03
0
0
0
0.02
0
0
0.02
0
0.01
0.02
0.03
0
0.02
0
0.03
0.01
0
0.03
0.02
0
0.02
0.03
0.03
0
0.03
0
0
0
0
0
0.03
0
0
0.03
0
0
0
0.02
0
0
0.02
0
0
0.02
0.03
0.03
0.03
0.03
0
0.03
0
0
0
0
0
0.01
0.03
0.03
0
0
0.03
0
0.02
0
0.03
0
0.01
0
0
0
0
0
0.03
0
0.03
0.03
0
0
0
0
0.03
0.03
0
0.03
0.04
0.01
0.03
0.02
0
0.03
0
0
0.02
0.03
0.03
0.03
0
0
0
0
0.03
0
0.02
0
0.03
0
0.01
0
0
0
0
0
0.03
0
0.02
0
0
0.02
0
0.03
0
0.03
0
0
0
0
0
0.03
0.02
0
0.03
0
0
0.02
0
0.03
0.02
0
0
0
0
0
0
0.02
0
0.03
0
0.03
0
0.03
0.02
0.02
0.03
0.02
0
0
0
0
0.03
0
0
0
0.02
0.03
0.03
0
0.02
0
0
0.02
0
0
0
0
0.02
0
0
0
0.03
0.03
0.03
0.03
0.03
0.02
0.03
0
0
0
0
0
0.02
0.03
0
0.03
0
0.03
0
0.02
0
0.01
0.02
0.02
0.02
0
0.02
0
0.01
0.03
0
0.02
0.02
0
0
0
0.02
0
0
0
0
0.03
0.03
0
0
0
0.02
0
0
0
0
0
0.02
0
0
0
0
0.03
0.02
0.03
0.02
0
0
0
0
0
0
0.02
0.03
0.03
0
0
0.03
0.02
0
0
0
0
0.03
0
0
0.02
0.03
0
0
0
0.02
0.02
0.03
0
0.03
0.03
0.02
0.03
0
0
0
0
0.02
0.03
0
0
0.02
0.01
0
0
0
0.03
0.03
0
0
0
0
0.02
0.03
0
0
0
0.03
0
0.03
0.03
0
0
0.02
0.03
0.03
0
0.02
0.03
0
0
0
0
0.02
0.01
0.03
0.02
0.02
0.03
0
0
0.03
0.02
0
0
0
0.03
0.03
0
0
0.03
0
0
0.03
0
0
0.03
0.03
0.02
0
0
0.02
0
0
0
0
0
0.03
0
0
0
0
0
0.01
0
0
0.01
0.03
0
0
0
0
0
0
0
0
0.02
0
0.01
0.02
0.02
0
0
0
0
0.02
0.03
0.03
0
0.02
0
0
0
0
0.01
0.02
0
0.02
0
0
0
0
0
0
0
0
0
0
0
0.03
0
0.02
0
0
0
0
0
0
0.02
0
0.01
0
0.03
0.02
0
0.03
0
0.03
0
0
0
0.03
0
0
0
0
0
0
0
0
0
0
0.03
0.02
0.02
0.03
0
0
0
0.02
0
0.02
0
0
0
0.02
0.02
0
0.03
0
0
0
0
0
0
0
0
0
0
0
0
0
0.01
0.02
0
0
0.03
0.02
0
0
0
0
0.01
0.03
0.02
0.03
0
0.02
0
0
0
0.01
0.02
0
0
0
0
0
0.02
0
0.02
0.02
0
0
0
0
0.01
0.01
0.03
0.02
0.02
0
0.02
0
0
0.02
0
0.02
0.02
0.02
0
0.02
0.03
0
0
0
0
0
0.02
0.03
0.01
0
0
0
0
0.03
0
0
0
0
0.02
0
0
0.02
0.01
0.02
0
0
0.02
0
0.03
0
0
0.02
0.03
0
0
0.03
0.02
0
0.02
0.02
0.02
0
0
0
0.02
0.02
0
0.02
0
0
0.01
0
0
0.03
0
0.02
0.01
0.02
0
0
0
0.03
0
0.02
0
0
0.03
0.02
0
0
0
0
0
0.02
0
0
0.03
0
0
0
0.03
0
0
0
0
0
0
0.03
0.01
0.01
0
0
0.03
0.02
0
0.02
0
0.02
0.02
0
0
0.01
0.02
0.02
0
0.03
0.02
0
0
0
0.03
0
0.01
0
0.03
0
0.02
0
0
0
0
0
0.03
0.02
0.02
0.01
0
0
0
0
0.01
0.02
0
0
0
0
0
0.03
0
0.03
0
0.02
0
0
0.02
0
0
0
0.03
0
0
0
0
0.03
0
0
0
0
0
0.02
0
0
0.02
0.02
0
0
0
0
0
0
0.02
0.02
0.03
0
0
0
0
0
0
0.02
0
0
0
0.02
0
0
0.02
0.03
0
0
0
0
0.03
0
0
0
0
0
0
0.02
0.02
0
0
0.03
0
0
0
0
0.02
0
0
0
0
0.02
0.02
0.01
0
0.03
0.02
0.02
0
0.01
0
0
0
0
0.02
0.02
0.02
0
0
0
0
0.02
0.02
0
0.03
0
0
0
0.02
0
0
0
0
0
0
0
0
0
0.02
0
0.01
0.01
0
0
0.02
0.02
0
0
0.02
0
0.02
0.02
0.02
0.02
0
0.02
0
0
0.01
0.02
0
0
0
0.02
0.02
0
0
0.02
0.02
0
0.01
0
0
0.01
0
0
0
0.01
0
0
0.02
0
0
0
0
0
0.02
0.02
0
0.02
0
0.02
0
0
0
0.01
0
0.01
0
0.01
0
0
0
0.02
0
0.02
0.01
0.02
0.02
0.02
0.02
0
0
0.02
0
0.02
0
0.02
0.01
0
0.01
0
0.02
0.02
0
0
0.02
0
0
0.02
0.01
0.02
0
0
0
0
0.02
0
0
0.02
0.02
0
0.02
0.02
0
0
0.02
0
0
0
0
0.02
0.02
0
0.01
0
0
0
0
0
0
0
0
0.01
0.02
0.01
0.02
0.02
0
0.01
0.02
0.02
0
0
0.01
0.02
0
0
0
0
0
0
0.01
0
0.01
0
0
0.02
0
0
0.02
0
0.02
0.01
0
0
0
0
0
0
0
0.02
0
0.02
0.02
0
0
0
0.02
0
0
0.02
0
0
0.02
0
0.02
0
0
0
0
0
0
0
0
0
0
0
0
0.02
0.02
0.01
0.02
0
0
0
0
0
0.02
0
0
0
0.02
0
0.02
0.02
0
0
0.02
0
0.01
0.01
0
0
0.02
0.02
0
0
0.02
0
0.02
0
0
0
0
0.02
0.02
0
0
0
0
0
0
0
0
0
0
0.02
0.02
0.01
0.02
0.01
0.02
0
0
0
0.01
0
0
0.02
0
0
0
0
0
0
0
0
0
0.02
0.02
0
0.01
0
0
0
0
0
0
0
0
0
0
0
0
0
0.02
0
0.01
0.02
0
0
0
0
0
0
0.01
0
0
0
0.02
0
0
0
0.02
0
0
0
0
0.02
0.01
0.02
0
0.02
0.01
0
0.02
0
0.02
0
0
0.02
0.02
0
0.02
0
0
0.02
0
0
0.02
0
0
0.02
0
0.01
0
0
0.02
0
0.02
0
0
0.01
0
0
0
0
0
0.01
0
0
0
0
0.02
0
0.02
0
0
0.02
0
0
0.01
0
0
0
0
0
0.02
0
0
0
0
0.01
0
0
0
0.02
0.02
0.02
0
0.02
0
0
0
0
0
0
0.02
0.02
0
0
0
0.01
0.02
0
0.02
0.01
0.01
0
0
0
0
0
0
0
0
0.02
0.02
0
0.02
0.01
0.02
0
0
0
0.02
0.02
0
0.02
0
0.01
0
0.02
0
0.01
0
0.02
0.02
0
0
0.02
0
0
0
0
0
0
0
0.01
0
0
0.02
0
0
0
0
0
0
0.02
0
0
0.02
0
0
0.02
0
0.02
0.02
0.01
0
0
0
0
0
0
0
0.01
0.01
0.02
0
0
0
0.02
0.02
0
0
0
0
0.02
0
0.02
0
0.01
0
0
0
0.02
0
0.02
0
0.02
0.01
0
0
0
0
0
0.02
0
0.02
0
0
0.02
0
0.01
0
0
0.02
0
0
0.02
0
0
0
0
0
0
0
0.02
0.02
0
0
0
0.02
0
0.01
0
0.02
0.01
0
0
0.02
0.01
0
0.01
0.02
0.02
0
0
0.02
0
0
0.02
0
0
0.02
0
0
0
0
0
0
0
0
0
0.02
0
0
0.01
0
0
0.01
0.02
0
0.02
0
0
0
0.02
0
0
0.02
0.01
0.01
0.01
0
0
0.02
0
0.01
0
0
0
0
0
0.01
0
0.02
0
0
0
0
0
0.02
0
0
0
0.01
0.01
0
0
0.01
0
0
0
0.02
0
0
0.01
0
0.02
0.02
0
0
0.02
0
0
0
0
0
0.02
0.01
0.01
0.02
0
0
0
0.02
0
0
0
0
0.02
0.02
0
0
0.02
0.01
0.01
0
0
0.01
0.01
0
0
0
0
0.02
0
0
0
0
0
0
0
0.02
0
0
0
0.01
0
0.02
0
0
0
0
0
0.01
0.01
0
0
0.01
0.02
0
0
0
0
0
0.01
0
0.01
0
0
0
0
0.01
0.02
0
0
0
0
0
0.01
0.01
0
0
0
0.01
0
0
0
0
0
0
0.02
0
0
0
0
0
0.02
0
0
0.01
0
0
0.01
0
0.02
0
0
0
0
0
0
0
0.01
0
0
0
0
0
0
0.01
0
0
0
0
0
0
0.02
0.01
0.02
0
0.01
0
0.01
0.01
0
0
0
0
0
0
0.01
0
0
0.02
0
0.01
0
0.02
0.01
0
0
0.01
0
0
0
0
0
0
0
0
0
0.01
0
0
0.02
0
0.01
0.01
0
0.01
0
0.01
0
0
0.01
0.02
0.02
0
0
0.01
0.01
0
0
0.01
0
0
0.01
0
0
0
0
0
0.01
0.02
0.01
0
0
0
0
0
0
0
0
0
0.01
0
0
0
0.01
0
0
0
0
0
0.01
0
0
0.02
0
0.02
0
0.02
0
0
0
0.01
0.02
0
0
0
0
0
0
0
0
0
0
0.02
0.01
0
0.01
0.01
0
0.02
0
0
0
0
0
0
0.01
0.02
0
0
0.01
0.02
0
0
0
0
0
0
0
0.01
0
0
0
0
0.01
0
0.02
0
0
0.02
0.01
0
0.01
0.01
0.01
0.01
0
0
0
0.01
0
0
0.01
0
0
0
0.01
0
0
0.01
0.01
0.02
0.01
0
0.01
0.01
0
0.01
0.02
0
0.02
0
0
0.01
0.01
0
0
0
0
0.01
0.01
0
0.01
0
0.01
0
0.01
0.01
0
0.02
0
0
0
0
0
0
0
0.02
0
0
0.02
0
0
0
0
0.01
0.02
0
0
0
0
0
0
0
0
0
0.01
0.02
0.01
0
0
0
0
0
0
0.02
0
0.01
0
0.01
0
0
0.01
0
0
0.01
0
0
0
0.02
0.01
0.01
0.02
0
0
0.01
0.01
0.01
0
0
0.02
0
0
0
0.01
0
0
0
0
0
0
0
0.01
0
0
0
0
0.01
0
0.02
0.02
0.01
0.01
0.01
0
0
0
0
0.01
0
0
0
0
0
0.02
0
0.01
0
0
0
0
0
0
0
0
0
0.02
0
0
0
0
0
0
0.01
0.01
0
0.01
0
0
0
0
0.01
0.01
0.01
0
0
0.01
0.02
0
0
0
0
0
0
0
0
0.02
0.01
0
0.02
0
0.01
0
0.01
0
0
0
0
0.01
0
0.02
0
0
0.01
0.02
0.01
0
0
0
0
0.02
0
0
0
0
0
0
0
0
0
0.01
0
0
0.01
0.01
0.02
0
0.01
0
0
0
0
0
0
0
0
0
0.01
0
0
0
0.01
0.01
0
0.01
0
0.01
0
0.01
0
0
0
0.01
0
0
0
0.01
0
0
0
0
0
0.01
0.01
0
0
0.01
0.01
0
0
0
0
0
0.01
0
0
0
0
0
0
0.01
0.01
0
0.01
0
0.01
0
0.01
0.01
0
0
0.01
0
0.01
0
0
0.01
0
0
0.01
0
0
0
0.01
0
0
0
0
0.01
0
0.01
0
0.01
0
0.01
0
0
0
0.01
0
0
0
0.01
0.01
0
0
0.01
0
0
0
0.01
0.01
0
0.01
0
0
0
0
0
0
0.01
0
0.01
0
0
0
0
0.01
0
0.01
0
0.01
0
0
0
0
0.01
0
0
0.01
0
0
0
0
0
0
0
0
0
0
0
0.01
0.01
0.01
0
0
0
0
0
0
0
0
0
0
0.01
0
0
0.01
0
0
0
0
0
0
0.01
0
0
0
0.01
0
0
0
0
0
0
0
0.01
0
0
0
0.01
0
0
0.01
0
0
0
0.01
0
0
0
0
0
0
0
0
0
0
0
0.01
0
0.01
0
0
0
0
0
0.01
0
0
0.01
0.01
0.01
0.01
0
0.01
0
0
0.01
0
0.01
0.01
0
0.01
0
0
0
0.01
0
0
0
0
0.01
0.01
0
0
0
0.01
0
0.01
0
0
0.01
0.01
0
0
0
0
0
0
0
0
0
0
0
0
0
0
0
0.01
0
0
0
0
0
0
0
0
0.01
0
0.01
0
0
0
0
0
0
0.01
0
0
0.01
0
0
0.01
0
0
0
0
0
0
0.01
0
0
0
0
0
0.01
0
0
0
0.01
0.01
0.01
0
0
0
0
0
0.01
0
0.01
0
0
0
0
0
0
0
0
0
0
0
0
0
0
0
0
0
0
0
0
0
0.01
0
0
0.01
0.01
0
0.01
0
0
0.01
0
0.01
0
0
0
0
0
0
0.01
0.01
0.01
0
0
0
0
0
0
0
0
0.01
0
0.01
0.01
0
0
0
0
0
0.01
0.01
0.01
0
0
0.01
0
0
0
0
0.01
0.01
0
0
0.01
0
0
0
0
0
0
0.01
0
0
0
0
0
0
0
0
0
0
0.01
0
0
0
0
0
0
0
0
0
0.01
0.01
0
0
0
0
0
0
0.01
0
0
0.01
0
0
0.01
0
0
0.01
0
0
0
0
0.01
0.01
0
0.01
0
0
0
0
0
0
0
0
0.01
0.01
0
0.01
0.01
0.01
0
0
0.01
0
0
0
0
0
0.01
0
0.01
0
0
0
0
0
0
0.01
0
0
0
0
0
0
0.01
0.01
0
0
0
0
0.01
0
0
0
0
0.01
0.01
0
0.01
0
0
0
0
0
0.01
0
0
0
0
0.01
0
0
0.01
0
0
0.01
0.01
0
0
0
0
0
0.01
0
0
0
0.01
0.01
0
0
0
0
0
0
0
0.01
0
0.01
0
0
0
0
0
0
0
0
0
0
0.01
0
0
0
0
0.01
0
0.01
0
0
0
0
0
0.01
0
0
0.01
0
0
0.01
0
0
0
0
0
0
0
0
0.01
0.01
0.01
0
0
0
0
0
0
0
0
0.01
0
0
0
0
0
0
0.01
0.01
0
0
0
0
0
0
0
0
0
0
0
0
0
0
0
0.01
0.01
0
0.01
0
0
0
0
0
0
0
0
0
0
0.01
0
0
0
0
0
0
0.01
0
0.01
0
0
0
0
0.01
0.01
0
0
0
0
0
0
0.01
0.01
0
0
0.01
0
0
0
0
0.01
0
0
0
0
0
0.01
0
0
0
0
0
0.01
0
0
0
0.01
0
0
0
0
0
0
0
0
0
0
0
0
0
0
0.01
0.01
0
0
0
0
0
0
0.01
0
0.01
0
0.01
0
0
0
0
0.01
0
0.01
0
0
0
0
0
0.01
0.01
0.01
0
0.01
0
0
0.01
0
0
0
0.01
0
0
0
0
0.01
0.01
0
0
0.01
0.01
0.01
0.01
0
0
0.01
0
0
0.01
0.01
0.01
0.01
0
0
0.01
