433.9651985168457
464.06270456314087
481.8396713733673
503.00277757644653
629.9756705760956
731.5264141559601
835.5961031913757
937.8897652626038
1025.2251391410828
1126.573114156723
1221.88032579422
1311.0518281459808
1409.0919528007507
1511.9950878620148
1592.797955751419
1695.2665174007416
1800.5809092521667
1890.0395023822784
1987.9315340518951
2087.248039484024
2172.05912899971
2270.0434527397156
2367.7959468364716
2455.5072219371796
2555.5795228481293
2585.367686033249
3337.3822662830353
4986.597091674805
5082.554949045181
5097.2362060546875
5343.027756929398
5309.298269510269
5323.561162948608
5390.053905725479
5609.76663184166
5659.428415060043
5781.119957447052
6056.050321340561
6220.081940412521
6346.131804704666
6563.145575761795
6738.062391996384
6808.709311246872
6881.852113723755
7112.210099935532
7241.216633796692
7474.720939397812
7535.971650600433
7774.166887283325
7891.466905117035
8031.536980390549
8094.257105350494
8321.224652051926
8452.574197769165
8670.250829458237
8769.30727815628
8974.879003763199
9142.90330529213
9236.781455278397
9317.14784526825