40.71745228767395
80.22822380065918
114.29562091827393
148.54748845100403
183.19207787513733
217.6158003807068
256.6753044128418
294.23935079574585
331.11127829551697
365.32690048217773
399.1189775466919
436.4056487083435
470.5695323944092
508.2662253379822
544.4329605102539
579.6994156837463
611.3917126655579
646.4816575050354
683.4587814807892
721.2523422241211
764.2323005199432
800.1398370265961
840.1796405315399
880.7430667877197
924.9837424755096
961.5287566184998
1000.8726415634155
1035.9547753334045
1074.6429333686829
1108.417956352234
1149.2613916397095
1190.7089097499847
1222.3988780975342
1260.5460410118103
1296.9769151210785
1333.4508085250854
1363.5583953857422
1401.869773387909
1440.8773527145386
1479.195865869522
1576.6358873844147
1613.3510251045227
1653.7097990512848
1693.038283109665
1727.3180537223816
1767.1376185417175
1807.4123876094818
1845.0409228801727
1881.5473506450653
1919.1975462436676
3492.104609966278
3761.5470640659332
3755.134262084961
3875.628226995468
3965.506908893585
4069.579815864563
4086.296456336975
4158.638029575348
4333.32575917244
4239.22182059288
4375.219153404236